63819	31	-1	-1	817747200.0
63820	31	-1	-1	817747200.0
63821	65	-1	-1	1023984000.0
63822	86	-1	-1	1067443200.0
63823	91	-1	-1	1010419200.0
63824	115	-1	-1	974217600.0
63825	140	-1	-1	975340800.0
22239	148	33.0	696700800.0	741974400.0
63826	148	22.0	-1	741974400.0
63827	155	231.8529	-1	1262188800.0
63828	155	200.0	-1	1262188800.0
63829	155	320.0	-1	1262188800.0
63829	155	320.0	-1	1262188800.0
63827	155	231.8529	-1	1262188800.0
63828	155	200.0	-1	1262188800.0
63830	337	-1	-1	1385395200.0
63831	337	-1	-1	1385395200.0
63832	341	-1	-1	1214409600.0
63833	348	-1	-1	1348070400.0
63834	348	-1	-1	1348070400.0
63835	362	-1	-1	891100800.0
63836	362	-1	-1	891100800.0
63837	411	-1	-1	989510400.0
63838	411	562.0	-1	989510400.0
63839	481	135.0	-1	721497600.0
63840	481	219.1	-1	721497600.0
63841	481	1890.0	-1	721497600.0
63842	544	-1	-1	1398787200.0
63843	565	-1	-1	914774400.0
63844	565	860.0	-1	914774400.0
63845	568	-1	-1	1143993600.0
63846	606	80.0	-1	1143388800.0
63847	606	80.0	-1	1143388800.0
63848	618	-1	-1	987436800.0
63849	734	-1	-1	990374400.0
63850	841	-1	-1	1038240000.0
63851	909	-1	-1	1287590400.0
63852	962	510.0	-1	820080000.0
63853	962	415.0	-1	820080000.0
63854	988	-1	-1	813772800.0
63855	988	-1	-1	813772800.0
63856	1012	1800.0	-1	1182268800.0
63857	1038	-1	-1	1104249600.0
63858	1056	84.8	-1	873993600.0
63859	1056	127.2	-1	873993600.0
63860	1077	-1	-1	948729600.0
63861	1098	-1	-1	1386259200.0
63862	1135	-1	-1	1001433600.0
63863	1135	-1	-1	1001433600.0
63864	1150	-1	-1	1344873600.0
63865	1150	-1	-1	1344873600.0
63866	1150	-1	-1	1344873600.0
63867	1165	4876.5	-1	972921600.0
63867	1165	4876.5	-1	972921600.0
63868	1165	123.5	-1	972921600.0
63868	1165	123.5	-1	972921600.0
63869	1290	-1	-1	921686400.0
63870	1336	-1	-1	1323964800.0
63871	1361	-1	-1	1032710400.0
63871	1361	-1	-1	1032710400.0
63872	1538	30.0	-1	1155484800.0
38630	1542	-1	1039536000.0	1351440000.0
63873	1609	1050.0	-1	1264608000.0
49567	1609	50.0	772905600.0	1264608000.0
63874	1616	-1	-1	1085500800.0
63875	1625	-1	-1	1256659200.0
63876	1629	-1	-1	1340208000.0
63877	1647	-1	-1	893347200.0
63878	1647	-1	-1	893347200.0
63879	1647	-1	-1	893347200.0
63880	1647	-1	-1	893347200.0
63881	1686	1990.0	-1	1006963200.0
63882	1686	10.0	-1	1006963200.0
63883	1689	47.783	-1	1082476800.0
63884	1744	4000.0	-1	1316016000.0
63884	1744	4000.0	-1	1316016000.0
63885	1764	-1	-1	1057248000.0
63886	1805	-1	-1	868377600.0
63887	1839	20.8	-1	844444800.0
63888	1885	-1	-1	981216000.0
63889	1920	510.0	-1	1242144000.0
63890	1920	660.0	-1	1242144000.0
63891	1954	138.4738	-1	1048435200.0
63892	1963	-1	-1	1173628800.0
63893	1963	-1	-1	1173628800.0
63894	1984	-1	-1	925228800.0
7473	1984	-1	570211200.0	925228800.0
63895	1996	-1	-1	938620800.0
63896	1996	-1	-1	938620800.0
63897	2265	-1	-1	1189699200.0
63898	2322	-1	-1	1223481600.0
63899	2484	400.0	-1	957715200.0
63900	2516	144.0	-1	1009468800.0
63901	2516	-1	-1	1009468800.0
63902	2524	3800.0	-1	1165852800.0
63903	2611	-1	-1	1177862400.0
63904	2695	-1	-1	1346860800.0
63905	2697	2291.0	-1	962553600.0
63906	2702	51.0	-1	911318400.0
63907	2721	20.0	-1	1142265600.0
63908	2782	-1	-1	1380124800.0
2818	2818	-1	910540800.0	910540800.0
63909	2859	-1	-1	939657600.0
63910	2899	971.0	-1	703094400.0
63824	2899	102.0	-1	703094400.0
63911	2979	-1	-1	992275200.0
63912	2991	-1	-1	1396195200.0
63913	2991	-1	-1	1396195200.0
63914	3004	-1	-1	1219680000.0
63914	3004	-1	-1	1219680000.0
63915	3008	-1	-1	1134403200.0
63916	3008	-1	-1	1134403200.0
63917	3073	-1	-1	851011200.0
63918	3073	-1	-1	851011200.0
63919	3073	-1	-1	851011200.0
63920	3073	-1	-1	851011200.0
63921	3073	-1	-1	851011200.0
63922	3073	-1	-1	851011200.0
63923	3073	-1	-1	851011200.0
63924	3073	-1	-1	851011200.0
63925	3073	-1	-1	851011200.0
63926	3073	-1	-1	851011200.0
63927	3136	43.6775	-1	1106841600.0
63928	3138	-1	-1	1338739200.0
63929	3138	-1	-1	1338739200.0
63930	3165	1710.0	-1	1309708800.0
63931	3172	45.0	-1	1087488000.0
63932	3173	-1	-1	1093449600.0
63933	3298	-1	-1	757353600.0
63934	3298	-1	-1	757353600.0
63935	3298	-1	-1	757353600.0
63936	3298	-1	-1	757353600.0
63937	3298	-1	-1	757353600.0
63938	3298	-1	-1	757353600.0
63939	3298	-1	-1	757353600.0
63940	3330	-1	-1	937497600.0
63941	3354	55.56	-1	1093276800.0
63942	3354	-1	-1	1093276800.0
63943	3354	-1	-1	1093276800.0
63943	3354	-1	-1	1093276800.0
63941	3354	55.56	-1	1093276800.0
63942	3354	-1	-1	1093276800.0
63944	3377	-1	-1	993744000.0
63945	3377	-1	-1	993744000.0
63946	3377	-1	-1	993744000.0
63947	3385	880.0	-1	1041782400.0
63948	3385	320.0	-1	1041782400.0
63949	3390	-1	-1	1077465600.0
63950	3390	-1	-1	1077465600.0
63951	3471	-1	-1	1354118400.0
63952	3502	119.683	-1	1095004800.0
63953	3502	13.2981	-1	1095004800.0
63954	3507	-1	-1	1358438400.0
63954	3507	-1	-1	1358438400.0
63954	3507	-1	-1	1358438400.0
63955	3530	-1	-1	1238601600.0
63956	3639	-1	-1	1318435200.0
51096	3686	20.0	897494400.0	991929600.0
63957	3686	21.212	-1	991929600.0
63958	3686	25.0	-1	991929600.0
63959	3714	-1	-1	829497600.0
63960	3714	-1	-1	829497600.0
63961	3714	-1	-1	829497600.0
63962	3714	-1	-1	829497600.0
63963	3722	-1	-1	990115200.0
63964	3722	-1	-1	990115200.0
63965	3757	-1	-1	1102435200.0
63966	3762	-1	-1	1007913600.0
63967	3762	-1	-1	1007913600.0
63968	3787	5.0	-1	1030377600.0
63969	3819	1330.0	-1	1159459200.0
63970	3819	1530.0	-1	1159459200.0
63971	3931	428.7176	-1	988041600.0
63972	4003	-1	-1	1060099200.0
63973	4003	-1	-1	1060099200.0
63974	4003	-1	-1	1060099200.0
63975	4009	1579.76	-1	1135958400.0
63976	4021	-1	-1	1016380800.0
63977	4021	-1	-1	1016380800.0
63978	4024	-1	-1	1291910400.0
63979	4047	-1	-1	1112544000.0
63980	4047	-1	-1	1112544000.0
63981	4096	-1	-1	1263484800.0
63982	4143	-1	-1	1311696000.0
63983	4155	1917.0	-1	929635200.0
63984	4155	1266.1807	-1	929635200.0
63985	4164	50.0	-1	1345564800.0
63986	4214	-1	-1	1236528000.0
63987	4239	-1	-1	729705600.0
63988	4239	8.82	-1	729705600.0
63989	4281	-1	-1	1016640000.0
63990	4308	-1	-1	1097337600.0
63991	4315	45000.0	-1	1026144000.0
63992	4383	-1	-1	1358092800.0
63993	4421	-1	-1	1256486400.0
63994	4448	-1	-1	1400083200.0
63995	4448	-1	-1	1400083200.0
63996	4504	10790.4	-1	942336000.0
63997	4597	25.0	-1	1130169600.0
63997	4597	25.0	-1	1130169600.0
63998	4639	-1	-1	1265817600.0
63999	4657	-1	-1	577292400.0
63925	4657	-1	-1	577292400.0
64000	4657	-1	-1	577292400.0
64001	4657	-1	-1	577292400.0
64002	4657	-1	-1	577292400.0
64003	4657	-1	-1	577292400.0
64004	4657	-1	-1	577292400.0
64005	4657	-1	-1	577292400.0
64006	4657	-1	-1	577292400.0
64007	4859	-1	-1	1036425600.0
64007	4859	-1	-1	1036425600.0
64008	4865	2000.0	-1	1180972800.0
64009	4918	-1	-1	1425312000.0
64010	4939	9440.0	-1	1093449600.0
64011	4939	2360.0	-1	1093449600.0
64012	4954	-1	-1	762364800.0
64013	4954	-1	-1	762364800.0
64014	4954	-1	-1	762364800.0
64015	4954	-1	-1	762364800.0
64016	4955	20.0	-1	1191859200.0
64017	4965	2000.0	-1	1039536000.0
64018	4965	3000.0	-1	1039536000.0
64019	5003	-1	-1	1236528000.0
64020	5021	-1	-1	1149004800.0
64021	5072	-1	-1	1004371200.0
64022	5072	-1	-1	1004371200.0
64023	5072	-1	-1	1004371200.0
64024	5095	-1	-1	755971200.0
44189	5096	-1	1249574400.0	1312387200.0
63975	5181	258.0	-1	849024000.0
8507	5238	30.0	1206374400.0	1304611200.0
64025	5259	2.0	-1	795024000.0
64026	5268	-1	-1	945878400.0
64027	5268	-1	-1	945878400.0
64028	5311	560.0	-1	1372176000.0
64029	5311	240.0	-1	1372176000.0
64030	5375	-1	-1	1396886400.0
64031	5520	15.0	-1	1027353600.0
64032	5520	50.0	-1	1027353600.0
63975	5582	7000.0	-1	1224172800.0
64033	5595	1815.8893	-1	864662400.0
64034	5595	952.0	-1	864662400.0
64035	5604	2600.0	-1	1093795200.0
64035	5604	2600.0	-1	1093795200.0
64036	5610	-1	-1	959788800.0
64037	5610	-1	-1	959788800.0
64038	5610	-1	-1	959788800.0
64039	5803	-1	-1	821635200.0
64040	5805	-1	-1	1397577600.0
64041	5841	-1	-1	1404748800.0
64042	5841	-1	-1	1404748800.0
64043	5857	1000.0	-1	1158163200.0
64044	5897	1280.0	-1	857404800.0
64045	5897	200.0	-1	857404800.0
64046	5897	100.0	-1	857404800.0
64047	5956	-1	-1	1000051200.0
64048	6009	-1	-1	875980800.0
64049	6009	-1	-1	875980800.0
64050	6101	-1	-1	908726400.0
64051	6146	-1	-1	1379779200.0
64052	6146	-1	-1	1379779200.0
64053	6157	104.0	-1	1056297600.0
64054	6157	174.0	-1	1056297600.0
64055	6225	-1	-1	769449600.0
64056	6225	-1	-1	769449600.0
64057	6266	240.0	-1	1031587200.0
64058	6379	-1	-1	879782400.0
64059	6379	-1	-1	879782400.0
64060	6379	-1	-1	879782400.0
64061	6379	-1	-1	879782400.0
64062	6444	-1	-1	1032969600.0
64063	6444	60.0	-1	1032969600.0
64064	6444	-1	-1	1032969600.0
34412	6452	-1	1216828800.0	1306166400.0
64065	6498	40.0	-1	854467200.0
64066	6498	60.0	-1	854467200.0
20791	6547	-1	741456000.0	970156800.0
64067	6547	-1	-1	970156800.0
64068	6605	-1	-1	938534400.0
64069	6605	-1	-1	938534400.0
64070	6605	-1	-1	938534400.0
64071	6695	-1	-1	1085932800.0
64072	6708	-1	-1	1418918400.0
64073	6708	-1	-1	1418918400.0
64074	6713	-1	-1	1082476800.0
64075	6797	-1	-1	1127923200.0
64076	6797	-1	-1	1127923200.0
64077	6800	375.0	-1	921772800.0
64078	6800	125.0	-1	921772800.0
64079	6804	2550.0	-1	1312128000.0
64080	6804	2450.0	-1	1312128000.0
64081	6816	-1	-1	943545600.0
64082	6816	-1	-1	943545600.0
64083	6877	1638.0	-1	959270400.0
43770	6877	162.0	765129600.0	959270400.0
64084	6886	3.0	-1	1231430400.0
64085	6903	1000.0	-1	1289232000.0
64086	6905	-1	-1	1378051200.0
64087	6905	-1	-1	1378051200.0
64088	6911	600.0	-1	1304870400.0
64089	7013	12.0	-1	978364800.0
64090	7017	-1	-1	999792000.0
64091	7030	1460.0	-1	1006185600.0
64092	7039	-1	-1	757267200.0
64013	7039	-1	-1	757267200.0
64093	7039	-1	-1	757267200.0
64094	7067	-1	-1	998496000.0
64094	7067	-1	-1	998496000.0
64094	7067	-1	-1	998496000.0
64095	7072	-1	-1	1425830400.0
64096	7072	-1	-1	1425830400.0
64097	7118	-1	-1	945100800.0
64098	7122	61.0	-1	730310400.0
64099	7122	37.9	-1	730310400.0
64100	7153	-1	-1	1167840000.0
64101	7165	-1	-1	1321459200.0
64102	7184	-1	-1	778867200.0
64103	7224	1500.0	-1	974131200.0
64104	7224	1200.0	-1	974131200.0
64105	7224	300.0	-1	974131200.0
64106	7268	-1	-1	994348800.0
64107	7275	-1	-1	1041350400.0
64107	7275	-1	-1	1041350400.0
64108	7275	-1	-1	1041350400.0
64108	7275	-1	-1	1041350400.0
64109	7277	-1	-1	1085414400.0
64110	7280	500.0	-1	1139500800.0
64111	7331	-1	-1	1408896000.0
64112	7341	-1	-1	1110729600.0
64113	7469	200.0	-1	1250524800.0
64114	7469	250.0	-1	1250524800.0
64115	7469	35.0	-1	1250524800.0
64116	7469	200.0	-1	1250524800.0
64117	7469	20.0	-1	1250524800.0
64118	7469	130.0	-1	1250524800.0
64119	7469	662.5	-1	1250524800.0
64120	7469	1696.0	-1	1250524800.0
64121	7473	-1	-1	570211200.0
64122	7490	-1	-1	919699200.0
64123	7490	-1	-1	919699200.0
64124	7530	17.1	-1	795283200.0
64125	7530	7.6	-1	795283200.0
64126	7530	-1	-1	795283200.0
64127	7582	-1	-1	1084896000.0
64128	7582	-1	-1	1084896000.0
64129	7599	-1	-1	1342713600.0
64130	7605	-1	-1	1425052800.0
64131	7625	-1	-1	908121600.0
64132	7632	-1	-1	1114531200.0
64133	7637	219.3	-1	917280000.0
64134	7721	4.847	-1	860515200.0
64135	7766	-1	-1	1004371200.0
64136	7766	-1	-1	1004371200.0
64135	7766	-1	-1	1004371200.0
64136	7766	-1	-1	1004371200.0
64137	7786	-1	-1	757353600.0
64138	7786	-1	-1	757353600.0
64013	7786	-1	-1	757353600.0
64139	7786	-1	-1	757353600.0
64140	7786	-1	-1	757353600.0
64141	7786	-1	-1	757353600.0
64142	7848	-1	-1	1252512000.0
64143	7854	-1	-1	1144080000.0
8143	7854	-1	1054483200.0	1144080000.0
64144	7902	-1	-1	876326400.0
64145	7902	-1	-1	876326400.0
64146	7902	-1	-1	876326400.0
64147	7902	-1	-1	876326400.0
64148	7902	-1	-1	876326400.0
64149	7902	-1	-1	876326400.0
64150	7902	-1	-1	876326400.0
64151	7902	-1	-1	876326400.0
64152	7902	-1	-1	876326400.0
64153	7902	-1	-1	876326400.0
64154	7916	250.0	-1	1245945600.0
64155	7916	50.0	-1	1245945600.0
64156	7916	130.0	-1	1245945600.0
64157	7960	282.0	-1	1076947200.0
64158	7960	18.0	-1	1076947200.0
7473	8028	-1	570211200.0	986140800.0
64159	8028	-1	-1	986140800.0
64160	8075	133.0	-1	1089129600.0
64161	8075	867.0	-1	1089129600.0
64162	8095	-1	-1	1417017600.0
64163	8124	-1	-1	1398096000.0
21160	8124	-1	1283443200.0	1398096000.0
64164	8164	5000.0	-1	1059062400.0
58783	8193	-1	799430400.0	999446400.0
64165	8193	-1	-1	999446400.0
64166	8193	-1	-1	999446400.0
64167	8193	-1	-1	999446400.0
64168	8193	-1	-1	999446400.0
64169	8193	-1	-1	999446400.0
27019	8193	-1	970156800.0	999446400.0
64170	8193	-1	-1	999446400.0
64171	8193	-1	-1	999446400.0
64172	8197	-1	-1	1346601600.0
64173	8296	-1	-1	971625600.0
64174	8320	867.0	-1	1132502400.0
64175	8320	2000.0	-1	1132502400.0
64176	8357	-1	-1	971712000.0
64177	8383	80.0	-1	1088438400.0
64178	8383	60.0	-1	1088438400.0
64179	8383	60.0	-1	1088438400.0
64180	8451	-1	-1	860947200.0
64180	8451	-1	-1	860947200.0
64181	8508	-1	-1	1124294400.0
64182	8573	-1	-1	888940800.0
64183	8573	-1	-1	888940800.0
64184	8573	-1	-1	888940800.0
64185	8573	-1	-1	888940800.0
64186	8573	-1	-1	888940800.0
64187	8573	-1	-1	888940800.0
64188	8573	-1	-1	888940800.0
64189	8573	-1	-1	888940800.0
64190	8573	-1	-1	888940800.0
64191	8573	-1	-1	888940800.0
64192	8622	-1	-1	974304000.0
64192	8622	-1	-1	974304000.0
64193	8627	-1	-1	1008777600.0
64194	8634	-1	-1	1093881600.0
64195	8634	3200.0	-1	1093881600.0
64196	8649	-1	-1	1015171200.0
64197	8649	-1	-1	1015171200.0
64198	8652	-1	-1	1146326400.0
64199	8662	-1	-1	931276800.0
64200	8669	8.0	-1	727113600.0
64201	8669	22.0	-1	727113600.0
64202	8669	10.0	-1	727113600.0
64203	8677	73.2	-1	860947200.0
64204	8694	474.0	-1	677343600.0
64205	8725	3000.0	-1	788544000.0
64206	8725	2150.0	-1	788544000.0
64207	8741	-1	-1	1097164800.0
64208	8741	-1	-1	1097164800.0
64209	8741	-1	-1	1097164800.0
64207	8741	-1	-1	1097164800.0
64208	8741	-1	-1	1097164800.0
64209	8741	-1	-1	1097164800.0
64210	8752	2970.0	-1	1249401600.0
45976	8786	-1	1030896000.0	1300204800.0
64211	8790	-1	-1	1344787200.0
64212	8809	-1	-1	1068480000.0
64213	8846	-1	-1	1040832000.0
64213	8846	-1	-1	1040832000.0
64214	8846	20.0	-1	1040832000.0
64214	8846	20.0	-1	1040832000.0
64215	8860	115.0	-1	1043769600.0
64216	8869	15365.0	-1	1109174400.0
64217	8869	2682.0	-1	1109174400.0
64218	8869	2653.0	-1	1109174400.0
64216	8869	15365.0	-1	1109174400.0
64219	8869	615.0	-1	1109174400.0
64217	8869	2682.0	-1	1109174400.0
64218	8869	2653.0	-1	1109174400.0
64219	8869	615.0	-1	1109174400.0
64220	8894	30.0	-1	904233600.0
64221	8894	-1	-1	904233600.0
64222	8897	-1	-1	1171296000.0
64223	8897	-1	-1	1171296000.0
64224	9004	-1	-1	1283443200.0
64225	9004	-1	-1	1283443200.0
64226	9022	-1	-1	1262707200.0
64227	9109	-1	-1	946310400.0
64228	9109	-1	-1	946310400.0
64229	9109	-1	-1	946310400.0
64230	9109	-1	-1	946310400.0
64231	9109	-1	-1	946310400.0
64059	9109	-1	-1	946310400.0
64232	9109	-1	-1	946310400.0
64233	9109	-1	-1	946310400.0
63977	9109	-1	-1	946310400.0
64234	9131	3000.0	-1	1293638400.0
64235	9131	2000.0	-1	1293638400.0
64236	9149	-1	-1	1367510400.0
64237	9236	-1	-1	824313600.0
64238	9236	-1	-1	824313600.0
64239	9253	-1	-1	1081872000.0
64239	9253	-1	-1	1081872000.0
64240	9268	-1	-1	1385308800.0
64241	9268	-1	-1	1385308800.0
64242	9268	-1	-1	1385308800.0
64243	9301	-1	-1	1213545600.0
64244	9301	-1	-1	1213545600.0
64245	9317	3000.0	-1	1333036800.0
64246	9347	-1	-1	1026144000.0
64247	9392	-1	-1	1009296000.0
64248	9415	1551.0	-1	807206400.0
64249	9415	625.5	-1	807206400.0
64250	9415	325.5	-1	807206400.0
362	9445	51337.9948	891100800.0	1157299200.0
64251	9445	13220.7728	-1	1157299200.0
64252	9445	69572.1613	-1	1157299200.0
64253	9450	-1	-1	1027440000.0
64254	9453	600.0	-1	873993600.0
64255	9514	-1	-1	983980800.0
64256	9539	35.0	-1	719856000.0
64256	9539	35.0	-1	719856000.0
64256	9539	35.0	-1	719856000.0
64257	9544	100000.0	-1	375465600.0
64258	9594	-1	-1	927820800.0
64259	9594	-1	-1	927820800.0
64260	9598	50.0	-1	1346601600.0
64261	9615	680.0	-1	835286400.0
64261	9615	680.0	-1	835286400.0
64262	9636	-1	-1	1189094400.0
63904	9636	7600.0	-1	1189094400.0
64263	9690	40.0	-1	1281888000.0
64264	9697	-1	-1	1233849600.0
64265	9828	-1	-1	988214400.0
64266	9829	250.0	-1	1238515200.0
64267	9916	-1	-1	1216051200.0
64268	9926	-1	-1	826732800.0
64269	9926	-1	-1	826732800.0
64270	9926	-1	-1	826732800.0
63860	9937	10000.0	-1	1244649600.0
64271	9952	-1	-1	1037116800.0
64272	9953	-1	-1	953913600.0
64273	10000	4.0263	-1	1064419200.0
64274	10000	11.9447	-1	1064419200.0
64275	10000	18.1184	-1	1064419200.0
64276	10000	20.1316	-1	1064419200.0
64277	10000	2.6842	-1	1064419200.0
64278	10000	16.3348	-1	1064419200.0
64279	10000	11.4025	-1	1064419200.0
64280	10000	12.5259	-1	1064419200.0
64281	10001	3000.0	-1	1072022400.0
64282	10030	-1	-1	926956800.0
64283	10030	-1	-1	926956800.0
64284	10030	-1	-1	926956800.0
64285	10030	-1	-1	926956800.0
64286	10030	-1	-1	926956800.0
64287	10030	-1	-1	926956800.0
64288	10047	-1	-1	1101052800.0
64289	10047	-1	-1	1101052800.0
64290	10057	100.0	-1	1271174400.0
64291	10085	-1	-1	1269446400.0
64292	10118	-1	-1	1041436800.0
64293	10118	-1	-1	1041436800.0
63837	10118	-1	-1	1041436800.0
63863	10144	-1	-1	978796800.0
64294	10180	-1	-1	1236096000.0
63975	10202	-1	-1	852393600.0
64295	10202	-1	-1	852393600.0
64296	10202	-1	-1	852393600.0
64297	10202	-1	-1	852393600.0
64298	10202	-1	-1	852393600.0
64299	10202	-1	-1	852393600.0
64300	10202	-1	-1	852393600.0
64301	10202	-1	-1	852393600.0
63999	10202	-1	-1	852393600.0
64302	10208	-1	-1	888854400.0
64303	10208	-1	-1	888854400.0
64304	10208	-1	-1	888854400.0
64305	10302	-1	-1	895161600.0
64306	10305	-1	-1	1073836800.0
64307	10336	-1	-1	1019491200.0
64308	10336	-1	-1	1019491200.0
64309	10342	-1	-1	917193600.0
64310	10354	-1	-1	1029686400.0
64311	10424	630.0	-1	1286899200.0
64312	10429	541.98	-1	1388419200.0
64313	10479	-1	-1	1264608000.0
64314	10496	-1	-1	1335542400.0
64315	10496	-1	-1	1335542400.0
64316	10496	-1	-1	1335542400.0
64317	10496	-1	-1	1335542400.0
64318	10496	-1	-1	1335542400.0
64110	10527	1000.0	-1	1219680000.0
47248	10569	8000.0	818352000.0	1181577600.0
64319	10576	0.0	-1	1350489600.0
64320	10652	250.0	-1	1198080000.0
64321	10652	-1	-1	1198080000.0
64322	10657	-1	-1	868377600.0
64323	10657	-1	-1	868377600.0
64324	10678	255.0	-1	1222531200.0
64325	10701	100.0	-1	737913600.0
64326	10722	-1	-1	1431878400.0
1734	10722	-1	1221148800.0	1431878400.0
64327	10729	-1	-1	1223481600.0
64328	10729	-1	-1	1223481600.0
64329	10729	480.0	-1	1223481600.0
64330	10785	540.0	-1	534960000.0
64331	10789	-1	-1	1317312000.0
64332	10800	15.0	-1	520873200.0
64333	10800	64.0	-1	520873200.0
64334	10816	20.0	-1	931363200.0
64335	10816	10.0	-1	931363200.0
64336	10836	-1	-1	982166400.0
64337	10854	-1	-1	1019750400.0
64338	10854	-1	-1	1019750400.0
28479	10854	-1	371923200.0	1019750400.0
64339	10973	710.0	-1	1287331200.0
64339	10973	710.0	-1	1287331200.0
64340	10986	-1	-1	1280246400.0
64341	11144	-1	-1	871574400.0
64342	11151	-1	-1	1095004800.0
64343	11151	-1	-1	1095004800.0
64344	11228	-1	-1	1384272000.0
64345	11306	-1	-1	864144000.0
64346	11306	-1	-1	864144000.0
4954	11318	-1	762364800.0	1314028800.0
64347	11318	-1	-1	1314028800.0
64348	11376	1997.0	-1	927648000.0
64349	11421	320.0	-1	1163433600.0
64350	11512	80.0	-1	1099497600.0
64351	11580	-1	-1	1303228800.0
64352	11580	-1	-1	1303228800.0
64353	11618	2500.0	-1	1349971200.0
64354	11618	1500.0	-1	1349971200.0
64355	11618	3000.0	-1	1349971200.0
64356	11618	3000.0	-1	1349971200.0
64357	11639	-1	-1	1369065600.0
64358	11639	480.0	-1	1369065600.0
64359	11639	-1	-1	1369065600.0
64360	11662	-1	-1	1337270400.0
63999	11696	-1	-1	834768000.0
64361	11751	-1	-1	998928000.0
63937	11751	-1	-1	998928000.0
64362	11763	-1	-1	835632000.0
64363	11763	-1	-1	835632000.0
64364	11763	-1	-1	835632000.0
64365	11789	120.0	-1	1333123200.0
64366	11808	40.0	-1	974304000.0
64367	11819	10.0	-1	1180886400.0
64368	11856	-1	-1	-101116800.0
64369	11856	-1	-1	-101116800.0
64370	11856	-1	-1	-101116800.0
64371	11856	-1	-1	-101116800.0
64372	11856	-1	-1	-101116800.0
64300	11856	-1	-1	-101116800.0
64373	11856	-1	-1	-101116800.0
64374	11904	20.0	-1	1231430400.0
64375	11963	-1	-1	1199808000.0
64376	11963	-1	-1	1199808000.0
64377	11963	-1	-1	1199808000.0
64378	11963	-1	-1	1199808000.0
64379	11970	2000.0	-1	1268668800.0
64380	12020	-1	-1	1042473600.0
64381	12031	6000.0	-1	1015171200.0
64382	12066	10000.0	-1	1089734400.0
64383	12085	600.0	-1	1148745600.0
544	12157	-1	1398787200.0	1421856000.0
64384	12252	-1	-1	1288800000.0
64385	12252	-1	-1	1288800000.0
64386	12252	-1	-1	1288800000.0
64387	12272	-1	-1	917280000.0
64388	12281	-1	-1	859910400.0
64389	12281	-1	-1	859910400.0
64390	12281	-1	-1	859910400.0
64391	12281	-1	-1	859910400.0
64392	12281	-1	-1	859910400.0
64393	12306	-1	-1	877017600.0
64394	12306	-1	-1	877017600.0
64395	12316	-1	-1	1294156800.0
64396	12316	-1	-1	1294156800.0
64397	12322	-1	-1	1318348800.0
64398	12353	-1	-1	1385568000.0
64399	12353	-1	-1	1385568000.0
64400	12415	-1	-1	1057161600.0
64401	12443	-1	-1	903542400.0
64402	12443	-1	-1	903542400.0
64403	12460	-1	-1	1069862400.0
64404	12524	-1	-1	1241020800.0
63897	12612	-1	-1	1302624000.0
64405	12851	1803.0	-1	1141315200.0
64406	12857	-1	-1	1272297600.0
64407	12959	90.0	-1	1273593600.0
64408	12977	5.0	-1	1068739200.0
64409	12977	150.0	-1	1068739200.0
64410	12977	45.0	-1	1068739200.0
64411	13007	15000.0	-1	1330012800.0
64412	13007	15000.0	-1	1330012800.0
64413	13009	1173.0	-1	1081699200.0
64414	13009	1127.0	-1	1081699200.0
64415	13014	7500.0	-1	1035475200.0
64416	13014	2500.0	-1	1035475200.0
64417	13021	100.0	-1	1277654400.0
64417	13021	100.0	-1	1277654400.0
64228	13121	-1	-1	474739200.0
64418	13184	-1	-1	804441600.0
64419	13184	-1	-1	804441600.0
64420	13194	-1	-1	1184515200.0
64421	13268	60.0	-1	598550400.0
64422	13276	-1	-1	1342627200.0
64423	13317	-1	-1	1395244800.0
64424	13317	-1	-1	1395244800.0
64425	13325	-1	-1	882892800.0
64426	13325	-1	-1	882892800.0
64427	13338	-1	-1	1395331200.0
64428	13405	-1	-1	733075200.0
64429	13405	-1	-1	733075200.0
64430	13405	-1	-1	733075200.0
64431	13405	-1	-1	733075200.0
64432	13417	-1	-1	1182268800.0
64433	13417	2000.0	-1	1182268800.0
64434	13417	-1	-1	1182268800.0
64435	13417	-1	-1	1182268800.0
64436	13417	-1	-1	1182268800.0
63856	13417	-1	-1	1182268800.0
64437	13417	-1	-1	1182268800.0
64438	13417	-1	-1	1182268800.0
64439	13417	-1	-1	1182268800.0
64440	13417	-1	-1	1182268800.0
64441	13476	-1	-1	1398009600.0
64442	13476	-1	-1	1398009600.0
64443	13531	25.0	-1	904579200.0
64444	13547	-1	-1	1030032000.0
64445	13547	-1	-1	1030032000.0
64446	13547	-1	-1	1030032000.0
64447	13547	-1	-1	1030032000.0
64448	13553	500.0	-1	1255536000.0
64449	13605	-1	-1	1145894400.0
64450	13643	1000.0	-1	1059667200.0
64451	13784	-1	-1	1249488000.0
64452	13808	-1	-1	943545600.0
64453	13845	-1	-1	1025452800.0
64454	13883	-1	-1	797961600.0
64455	13883	-1	-1	797961600.0
64456	13883	-1	-1	797961600.0
64457	13883	-1	-1	797961600.0
15776	13977	-1	883324800.0	1201449600.0
64458	13992	25.0	-1	925056000.0
64459	13999	-1	-1	1085587200.0
64460	14020	-1	-1	1357228800.0
64461	14020	-1	-1	1357228800.0
64462	14046	270.0	-1	1100620800.0
64463	14046	30.0	-1	1100620800.0
64464	14057	42.7	-1	757180800.0
64464	14057	42.7	-1	757180800.0
64465	14082	75.0	-1	734284800.0
64466	14082	126.3692	-1	734284800.0
64467	14086	-1	-1	1186070400.0
64468	14113	91.8	-1	757094400.0
64469	14113	11.2	-1	757094400.0
64470	14128	500.0	-1	1234972800.0
64471	14150	3461.04	-1	1145462400.0
64472	14150	376.2	-1	1145462400.0
64473	14150	3686.76	-1	1145462400.0
64474	14178	-1	-1	853430400.0
64475	14182	27.5	-1	939484800.0
64476	14203	-1	-1	1057507200.0
64477	14203	-1	-1	1057507200.0
64478	14239	-1	-1	916761600.0
64479	14242	-1	-1	801244800.0
64479	14242	-1	-1	801244800.0
64480	14268	-1	-1	1176912000.0
64481	14275	-1	-1	737654400.0
64482	14275	-1	-1	737654400.0
64483	14275	-1	-1	737654400.0
64484	14275	-1	-1	737654400.0
64485	14275	-1	-1	737654400.0
64486	14275	-1	-1	737654400.0
64487	14275	-1	-1	737654400.0
64488	14275	-1	-1	737654400.0
64489	14286	99.0	-1	825955200.0
64490	14286	1.0	-1	825955200.0
64491	14288	-1	-1	1193241600.0
64492	14290	-1	-1	715449600.0
63868	14290	-1	-1	715449600.0
64493	14326	-1	-1	1153065600.0
64494	14379	200.0	-1	1134489600.0
64495	14410	-1	-1	1223913600.0
64496	14420	20.0	-1	880905600.0
64496	14420	20.0	-1	880905600.0
64497	14453	60.0	-1	1134057600.0
64498	14510	-1	-1	1215619200.0
64062	14521	-1	-1	1368720000.0
64499	14552	41500.0	-1	1258041600.0
64500	14555	15.0	-1	1159545600.0
64501	14604	-1	-1	1040745600.0
64502	14604	-1	-1	1040745600.0
64503	14634	-1	-1	1398009600.0
64504	14634	-1	-1	1398009600.0
64505	14643	20.0	-1	826646400.0
64506	14709	40.0	-1	868550400.0
64507	14709	160.0	-1	868550400.0
64508	14742	127.0	-1	1169568000.0
64509	14743	-1	-1	1053619200.0
64509	14743	-1	-1	1053619200.0
64510	14743	-1	-1	1053619200.0
64510	14743	-1	-1	1053619200.0
64511	14840	-1	-1	1174838400.0
64512	14868	-1	-1	1050422400.0
64513	14979	27.5	-1	952012800.0
64514	14979	22.5	-1	952012800.0
64515	15050	2625.0	-1	811958400.0
64516	15050	875.0	-1	811958400.0
64517	15056	-1	-1	1323187200.0
64517	15056	-1	-1	1323187200.0
64518	15076	-1	-1	1293465600.0
64519	15096	2.0	-1	908208000.0
64520	15131	5.0	-1	999187200.0
64520	15131	5.0	-1	999187200.0
64521	15132	-1	-1	1405872000.0
64522	15132	-1	-1	1405872000.0
64523	15149	17922.0	-1	1016726400.0
64034	15149	943.2632	-1	1016726400.0
64524	15183	-1	-1	1058284800.0
64525	15183	-1	-1	1058284800.0
64526	15183	-1	-1	1058284800.0
64527	15212	5.0	-1	955555200.0
64528	15236	-1	-1	1214496000.0
64529	15243	-1	-1	1098720000.0
64530	15243	-1	-1	1098720000.0
64531	15254	-1	-1	809798400.0
64532	15254	-1	-1	809798400.0
64533	15254	-1	-1	809798400.0
64534	15254	-1	-1	809798400.0
64535	15254	-1	-1	809798400.0
64536	15254	-1	-1	809798400.0
64537	15260	-1	-1	988300800.0
64538	15292	180.0	-1	1056556800.0
64539	15372	-1	-1	847036800.0
64540	15446	520.0	-1	1149436800.0
64541	15446	320.0	-1	1149436800.0
64542	15446	4650.0	-1	1149436800.0
64543	15446	7670.0	-1	1149436800.0
64544	15464	2000.0	-1	1357747200.0
64545	15464	-1	-1	1357747200.0
64546	15464	1200.0	-1	1357747200.0
64547	15517	-1	-1	1200240000.0
64548	15517	-1	-1	1200240000.0
64549	15550	-1	-1	866995200.0
64550	15550	-1	-1	866995200.0
64551	15550	-1	-1	866995200.0
64552	15550	-1	-1	866995200.0
64553	15566	-1	-1	1188921600.0
64554	15612	-1	-1	1069689600.0
64555	15644	36.0	-1	1001692800.0
64556	15648	-1	-1	984931200.0
64557	15648	-1	-1	984931200.0
64341	15648	-1	-1	984931200.0
64558	15679	-1	-1	873993600.0
64559	15679	-1	-1	873993600.0
63868	15686	-1	-1	724435200.0
64560	15686	-1	-1	724435200.0
64561	15686	-1	-1	724435200.0
64562	15741	-1	-1	878140800.0
64563	15742	-1	-1	1173888000.0
53645	15816	-1	1192550400.0	1243699200.0
64564	15828	-1	-1	1162310400.0
64565	15869	-1	-1	974390400.0
64566	15919	70.0	-1	885571200.0
64567	15919	20.0	-1	885571200.0
64568	15935	-1	-1	1142524800.0
64569	15946	-1	-1	1180368000.0
64570	16005	1934.92	-1	1142352000.0
64571	16005	1228.28	-1	1142352000.0
64572	16007	-1	-1	1016726400.0
64573	16011	-1	-1	955900800.0
64574	16011	-1	-1	955900800.0
64172	16063	-1	-1	1090512000.0
64575	16197	0.0	-1	1219075200.0
64177	16229	500.0	-1	1037116800.0
64177	16229	500.0	-1	1037116800.0
64576	16247	-1	-1	1018886400.0
64577	16247	-1	-1	1018886400.0
64578	16247	-1	-1	1018886400.0
64579	16247	-1	-1	1018886400.0
64580	16247	-1	-1	1018886400.0
64581	16247	-1	-1	1018886400.0
64582	16251	-1	-1	925315200.0
64583	16251	-1	-1	925315200.0
64584	16315	980.0	-1	1337875200.0
64585	16315	60.0	-1	1337875200.0
64586	16315	960.0	-1	1337875200.0
64587	16325	-1	-1	896889600.0
64588	16325	-1	-1	896889600.0
64589	16386	-1	-1	1216569600.0
63860	16406	1500.0	-1	1306944000.0
64590	16422	-1	-1	719424000.0
64591	16422	-1	-1	719424000.0
64592	16427	-1	-1	751046400.0
64593	16448	-1	-1	915897600.0
64594	16448	-1	-1	915897600.0
64595	16484	600.0	-1	1140710400.0
64596	16484	400.0	-1	1140710400.0
64597	16621	300.0	-1	1088438400.0
64598	16621	700.0	-1	1088438400.0
64599	16692	-1	-1	891273600.0
64600	16692	-1	-1	891273600.0
64601	16692	-1	-1	891273600.0
64602	16692	-1	-1	891273600.0
64603	16692	-1	-1	891273600.0
64604	16692	-1	-1	891273600.0
1447	16692	-1	1240934400.0	891273600.0
64383	16737	-1	-1	964540800.0
64605	16737	-1	-1	964540800.0
64606	16737	-1	-1	964540800.0
64607	16737	-1	-1	964540800.0
64608	16737	-1	-1	964540800.0
64609	16737	-1	-1	964540800.0
64610	16737	-1	-1	964540800.0
64611	16749	-1	-1	933868800.0
64612	16749	-1	-1	933868800.0
64613	16749	-1	-1	933868800.0
64614	16752	14600.0	-1	968256000.0
64615	16752	240.0	-1	968256000.0
64616	16752	9320.0	-1	968256000.0
64617	16782	-1	-1	1010246400.0
64618	16794	-1	-1	1082476800.0
64619	16818	-1	-1	1212422400.0
64620	16820	-1	-1	1115568000.0
64621	16820	-1	-1	1115568000.0
64622	16902	0.0	-1	1225296000.0
64623	16925	50.0	-1	786729600.0
64624	16942	-1	-1	952531200.0
64625	17014	2500.0	-1	899740800.0
64625	17014	2500.0	-1	899740800.0
64626	17028	-1	-1	1122998400.0
64626	17028	-1	-1	1122998400.0
64627	17068	500.0	-1	1230048000.0
64628	17068	-1	-1	1230048000.0
64629	17070	-1	-1	1189526400.0
64630	17101	-1	-1	847123200.0
64381	17132	15900.0	-1	962812800.0
64631	17287	-1	-1	1407340800.0
64632	17382	-1	-1	1197820800.0
64633	17382	75.0	-1	1197820800.0
64634	17404	-1	-1	1096300800.0
64635	17409	-1	-1	1043769600.0
64636	17409	-1	-1	1043769600.0
64637	17419	-1	-1	1035820800.0
64638	17467	-1	-1	1068134400.0
64639	17509	-1	-1	975427200.0
64639	17509	-1	-1	975427200.0
64640	17509	20.0	-1	975427200.0
64640	17509	20.0	-1	975427200.0
64641	17569	172.84	-1	1066752000.0
64642	17569	115.16	-1	1066752000.0
64643	17640	-1	-1	941385600.0
64644	17694	3400.0	-1	841766400.0
64644	17694	3400.0	-1	841766400.0
64645	17694	1400.0	-1	841766400.0
64645	17694	1400.0	-1	841766400.0
64646	17736	-1	-1	1386864000.0
64647	17759	20.0	-1	1320768000.0
64648	17768	-1	-1	1064764800.0
64649	17796	-1	-1	371318400.0
64650	17804	-1	-1	872092800.0
64651	17804	-1	-1	872092800.0
64652	17804	-1	-1	872092800.0
64653	17817	45.0	-1	1069776000.0
64654	17835	-1	-1	1112198400.0
64655	17835	-1	-1	1112198400.0
64656	17853	-1	-1	906566400.0
64657	17853	-1	-1	906566400.0
64658	17859	-1	-1	1347984000.0
64659	17884	20.0	-1	1024416000.0
64660	17884	-1	-1	1024416000.0
63975	17886	1500.0	-1	1135958400.0
64661	17890	-1	-1	1224432000.0
64662	17890	-1	-1	1224432000.0
64663	17911	-1	-1	1061740800.0
64663	17911	-1	-1	1061740800.0
63867	17923	-1	-1	1066233600.0
63867	17923	-1	-1	1066233600.0
63868	17923	-1	-1	1066233600.0
63868	17923	-1	-1	1066233600.0
64664	17929	-1	-1	942854400.0
64665	17929	-1	-1	942854400.0
64666	17929	-1	-1	942854400.0
64667	17929	-1	-1	942854400.0
64668	17929	-1	-1	942854400.0
64669	17929	-1	-1	942854400.0
64670	17972	528.0	-1	1048521600.0
64671	17994	65.28	-1	1215360000.0
64672	18004	-1	-1	1336320000.0
64673	18009	-1	-1	1342713600.0
64674	18009	-1	-1	1342713600.0
64579	18023	-1	-1	1040918400.0
64675	18098	147.8	-1	1024934400.0
64676	18103	-1	-1	756403200.0
64677	18103	-1	-1	756403200.0
64678	18103	-1	-1	756403200.0
64679	18103	-1	-1	756403200.0
64680	18219	3277.6	-1	1212336000.0
64681	18219	122.4	-1	1212336000.0
29098	18227	0.0	1236700800.0	1298390400.0
64682	18246	200.0	-1	1375372800.0
64683	18274	-1	-1	1107100800.0
64684	18283	-1	-1	1282147200.0
64685	18300	5090.0	-1	1292947200.0
64686	18312	2000.0	-1	1184515200.0
64687	18348	-1	-1	1389801600.0
64688	18348	-1	-1	1389801600.0
64689	18352	-1	-1	1287417600.0
64690	18426	500.0	-1	916934400.0
64690	18426	500.0	-1	916934400.0
64691	18520	950.0	-1	1259683200.0
46300	18520	50.0	1225382400.0	1259683200.0
64692	18638	-1	-1	1278432000.0
64693	18805	100.0	-1	1094572800.0
64694	18851	-1	-1	1403193600.0
64695	18867	-1	-1	1258560000.0
64696	18927	-1	-1	1403539200.0
64697	18945	-1	-1	1194796800.0
64698	18983	-1	-1	1032796800.0
64699	19000	-1	-1	1031500800.0
64700	19000	-1	-1	1031500800.0
64701	19000	-1	-1	1031500800.0
64702	19000	-1	-1	1031500800.0
64703	19000	-1	-1	1031500800.0
64704	19000	-1	-1	1031500800.0
64705	19050	-1	-1	1004889600.0
64706	19147	570.0	-1	908985600.0
64707	19208	-1	-1	1298908800.0
64708	19215	-1	-1	1227801600.0
64709	19215	-1	-1	1227801600.0
64710	19245	-1	-1	1151251200.0
64711	19245	-1	-1	1151251200.0
64712	19294	-1	-1	1008604800.0
64713	19296	5100.0	-1	870883200.0
64714	19296	4900.0	-1	870883200.0
64715	19361	-1	-1	969206400.0
64716	19361	-1	-1	969206400.0
64717	19383	17230.0	-1	1178553600.0
47946	19411	-1	1055347200.0	1398182400.0
64718	19496	-1	-1	1176048000.0
64719	19548	-1	-1	1036598400.0
64720	19560	2200.0	-1	1027872000.0
64721	19632	2000.0	-1	1308240000.0
64722	19681	-1	-1	994694400.0
64723	19681	-1	-1	994694400.0
64724	19687	-1	-1	1058457600.0
64725	19687	600.0	-1	1058457600.0
38182	19692	-1	938102400.0	797184000.0
64726	19734	-1	-1	793468800.0
64727	19761	3.2	-1	1095177600.0
64728	19761	28.8	-1	1095177600.0
64729	19771	1000.0	-1	1194451200.0
19908	19908	12.5	1087747200.0	1087747200.0
64730	19931	-1	-1	948902400.0
64731	19931	-1	-1	948902400.0
64732	20112	60.0	-1	864835200.0
64733	20112	240.0	-1	864835200.0
64734	20170	-1	-1	1310486400.0
64735	20212	42.5	-1	1240416000.0
41465	20230	-1	1229443200.0	1311264000.0
64579	20248	-1	-1	1056470400.0
63975	20267	-1	-1	973094400.0
64736	20270	917.5	-1	1000396800.0
64737	20273	-1	-1	1208275200.0
64738	20301	-1	-1	913824000.0
64739	20301	-1	-1	913824000.0
64740	20328	-1	-1	1287331200.0
64741	20328	-1	-1	1287331200.0
64742	20341	-1	-1	1160928000.0
64743	20383	-1	-1	1271347200.0
64653	20386	-1	-1	1088092800.0
64744	20386	-1	-1	1088092800.0
64745	20467	-1	-1	942249600.0
64746	20509	-1	-1	1110816000.0
63910	20509	-1	-1	1110816000.0
64747	20514	-1	-1	1123171200.0
64748	20514	-1	-1	1123171200.0
64749	20539	600.0	-1	1012233600.0
64750	20616	-1	-1	850060800.0
64751	20616	-1	-1	850060800.0
64752	20616	-1	-1	850060800.0
64753	20618	-1	-1	1362412800.0
64754	20618	-1	-1	1362412800.0
64755	20618	-1	-1	1362412800.0
64756	20618	4000.0	-1	1362412800.0
64757	20624	100.0	-1	1006185600.0
64758	20624	50.0	-1	1006185600.0
64758	20624	50.0	-1	1006185600.0
64757	20624	100.0	-1	1006185600.0
64759	20845	600.0	-1	1230652800.0
64760	20873	-1	-1	841075200.0
64761	20879	-1	-1	1058284800.0
64761	20879	-1	-1	1058284800.0
64762	20887	-1	-1	939657600.0
64762	20887	-1	-1	939657600.0
64763	20887	-1	-1	939657600.0
64763	20887	-1	-1	939657600.0
64764	20904	3000.0	-1	1325001600.0
64765	20904	2950.0	-1	1325001600.0
64766	20904	2950.0	-1	1325001600.0
64767	20904	1100.0	-1	1325001600.0
64768	20966	-1	-1	1209398400.0
64769	20985	100.0	-1	1057593600.0
64770	20985	400.0	-1	1057593600.0
64771	20991	-1	-1	1241539200.0
64772	20991	-1	-1	1241539200.0
64773	21021	1800.0	-1	1129132800.0
64774	21021	7000.0	-1	1129132800.0
64775	21048	-1	-1	867859200.0
63867	21048	-1	-1	867859200.0
63867	21048	-1	-1	867859200.0
64775	21048	-1	-1	867859200.0
63902	21195	1160.0	-1	1016035200.0
64776	21305	-1	-1	1252339200.0
64777	21360	12850.0	-1	1015257600.0
64778	21395	100.0	-1	959616000.0
64779	21395	200.0	-1	959616000.0
64780	21441	-1	-1	1243785600.0
64781	21449	1000.0	-1	1053273600.0
64782	21541	-1	-1	312220800.0
64783	21593	-1	-1	1031241600.0
64784	21629	-1	-1	1073923200.0
64785	21640	265.0	-1	960998400.0
64786	21696	-1	-1	795110400.0
64787	21696	-1	-1	795110400.0
64788	21696	-1	-1	795110400.0
64789	21707	-1	-1	976636800.0
64790	21733	-1	-1	933782400.0
64791	21733	-1	-1	933782400.0
64792	21733	-1	-1	933782400.0
64233	21733	-1	-1	933782400.0
64793	21733	-1	-1	933782400.0
64476	21733	-1	-1	933782400.0
64794	21733	-1	-1	933782400.0
64795	21780	600.0	-1	1237737600.0
64796	21819	-1	-1	901814400.0
64797	21819	-1	-1	901814400.0
64798	21840	-1	-1	1317052800.0
64799	21840	-1	-1	1317052800.0
64800	21959	-1	-1	1018022400.0
64557	21995	-1	-1	579798000.0
64801	21995	-1	-1	579798000.0
64802	21995	-1	-1	579798000.0
64803	21995	-1	-1	579798000.0
63975	21995	-1	-1	579798000.0
64804	21995	-1	-1	579798000.0
64805	21995	-1	-1	579798000.0
64806	22020	-1	-1	568828800.0
64807	22038	100.0	-1	1280332800.0
64808	22048	52287.51	-1	325267200.0
64809	22048	57712.49	-1	325267200.0
64810	22165	1000.0	-1	1303920000.0
64233	22331	-1	-1	961603200.0
64811	22331	-1	-1	961603200.0
64812	22396	-1	-1	1383667200.0
64813	22420	-1	-1	989769600.0
64813	22420	-1	-1	989769600.0
64814	22427	-1	-1	1229616000.0
64815	22477	-1	-1	1377100800.0
64816	22477	-1	-1	1377100800.0
64817	22537	2000.0	-1	969984000.0
64818	22657	35.0	-1	1346083200.0
64819	22664	-1	-1	1265558400.0
64820	22664	-1	-1	1265558400.0
64821	22665	20.0	-1	1112112000.0
64822	22665	10.0	-1	1112112000.0
64823	22702	-1	-1	703526400.0
64824	22713	1900.0	-1	1030636800.0
64825	22732	1500.0	-1	1061481600.0
64826	22732	50.0	-1	1061481600.0
64827	22732	450.0	-1	1061481600.0
64828	22745	14.0	-1	709142400.0
64829	22745	2.5	-1	709142400.0
64830	22786	-1	-1	1362672000.0
64831	22786	-1	-1	1362672000.0
64832	22815	20.0	-1	843408000.0
64833	22815	40.0	-1	843408000.0
64834	22898	-1	-1	1080057600.0
64835	22905	-1	-1	1225123200.0
64836	22909	-1	-1	934300800.0
64837	22909	-1	-1	934300800.0
64838	22968	-1	-1	860947200.0
64839	22968	-1	-1	860947200.0
64840	22968	-1	-1	860947200.0
64841	22968	-1	-1	860947200.0
64536	22968	-1	-1	860947200.0
64842	22968	-1	-1	860947200.0
64843	22968	-1	-1	860947200.0
64844	22982	6000.0	-1	1229011200.0
64845	23000	-1	-1	1198857600.0
63975	23000	3400.0	-1	1198857600.0
64846	23018	-1	-1	738000000.0
64847	23018	-1	-1	738000000.0
64848	23018	-1	-1	738000000.0
64233	23018	-1	-1	738000000.0
64583	23023	-1	-1	877276800.0
64849	23023	-1	-1	877276800.0
64850	23046	1272.8525	-1	1043337600.0
64851	23046	90.0	-1	1043337600.0
64852	23046	740.0	-1	1043337600.0
64853	23076	-1	-1	1383840000.0
64854	23081	10.0	-1	1373817600.0
64855	23081	10.0	-1	1373817600.0
64856	23089	900.0	-1	1237132800.0
64543	23205	3825.0	-1	1269360000.0
64857	23205	5375.0	-1	1269360000.0
64858	23215	-1	-1	1340121600.0
64859	23225	-1	-1	1334764800.0
64860	23236	-1	-1	821030400.0
64861	23236	-1	-1	821030400.0
64862	23305	10.0	-1	915465600.0
64863	23311	1567.5	-1	1126627200.0
64864	23331	30.0	-1	956246400.0
64865	23338	174.0	-1	696614400.0
64866	23338	1500.0	-1	696614400.0
64867	23413	5250.0	-1	1228147200.0
64868	23413	377.62	-1	1228147200.0
64869	23413	377.62	-1	1228147200.0
64870	23413	377.62	-1	1228147200.0
64871	23413	159.144	-1	1228147200.0
63898	23439	1000.0	-1	1264608000.0
64872	23442	-1	-1	1111420800.0
64872	23442	-1	-1	1111420800.0
47248	23455	-1	818352000.0	925315200.0
47248	23455	200.0	818352000.0	925315200.0
64873	23486	-1	-1	848246400.0
64874	23487	10.0	-1	891532800.0
64875	23487	-1	-1	891532800.0
64876	23497	2250.0	-1	1137427200.0
64877	23523	-1	-1	1239033600.0
64878	23595	200.0	-1	1160668800.0
64879	23647	-1	-1	965664000.0
64880	23647	-1	-1	965664000.0
64881	23674	-1	-1	1049126400.0
64882	23701	3046.0	-1	1245859200.0
64883	23701	1924.0	-1	1245859200.0
64884	23701	30.0	-1	1245859200.0
64885	23750	255.0	-1	948902400.0
63868	23750	245.0	-1	948902400.0
64886	23755	-1	-1	1036512000.0
64887	23813	1236.6807	-1	1025539200.0
64888	23813	480.5	-1	1025539200.0
64889	23814	-1	-1	1347379200.0
64890	23814	-1	-1	1347379200.0
64891	23862	-1	-1	1224518400.0
64892	23892	-1	-1	1241625600.0
64893	23892	-1	-1	1241625600.0
64894	24075	-1	-1	1010419200.0
64895	24075	-1	-1	1010419200.0
64841	24078	-1	-1	858009600.0
64896	24078	-1	-1	858009600.0
64897	24113	-1	-1	662140800.0
64898	24113	-1	-1	662140800.0
64899	24113	-1	-1	662140800.0
64900	24113	-1	-1	662140800.0
64901	24113	-1	-1	662140800.0
64902	24113	-1	-1	662140800.0
64903	24113	-1	-1	662140800.0
64904	24163	9200.0	-1	1244044800.0
64905	24238	15162.0	-1	1054483200.0
64906	24320	-1	-1	1335283200.0
64907	24347	20.0	-1	1321545600.0
64908	24354	69.0	-1	811612800.0
64909	24382	200.0	-1	1369843200.0
64910	24384	-1	-1	830102400.0
64911	24384	-1	-1	830102400.0
64912	24384	-1	-1	830102400.0
64913	24394	-1	-1	1225987200.0
64914	24397	-1	-1	853430400.0
64915	24397	-1	-1	853430400.0
64916	24422	-1	-1	807120000.0
64917	24422	-1	-1	807120000.0
64918	24424	-1	-1	1282665600.0
64919	24439	-1	-1	952012800.0
64920	24439	-1	-1	952012800.0
64921	24439	-1	-1	952012800.0
64922	24474	-1	-1	1404316800.0
64923	24474	-1	-1	1404316800.0
64924	24474	-1	-1	1404316800.0
64925	24488	-1	-1	1009209600.0
64926	24488	-1	-1	1009209600.0
64927	24497	-1	-1	1402934400.0
64928	24510	350.0	-1	893520000.0
64929	24510	150.0	-1	893520000.0
64930	24510	500.0	-1	893520000.0
64931	24520	1.0	-1	1028044800.0
64932	24521	20.0	-1	824313600.0
64933	24534	-1	-1	948038400.0
64934	24534	-1	-1	948038400.0
47248	24658	-1	818352000.0	925747200.0
64935	24661	-1	-1	1021824000.0
64936	24661	-1	-1	1021824000.0
63902	24704	7000.0	-1	1339084800.0
63902	24704	1000.0	-1	1339084800.0
64937	24704	2000.0	-1	1339084800.0
64938	24715	-1	-1	762710400.0
64939	24715	-1	-1	762710400.0
64940	24715	-1	-1	762710400.0
64941	24715	-1	-1	762710400.0
64942	24715	-1	-1	762710400.0
64943	24715	-1	-1	762710400.0
64944	24715	-1	-1	762710400.0
64945	24729	4000.0	-1	1334505600.0
64946	24747	20800.0	-1	1213718400.0
64947	24750	45.0	-1	1042128000.0
64948	24758	-1	-1	1100534400.0
64949	24758	-1	-1	1100534400.0
64950	24760	-1	-1	979660800.0
64951	24782	-1	-1	1262880000.0
64952	24843	-1	-1	1052409600.0
64953	24898	-1	-1	1399392000.0
60328	24932	-1	771868800.0	1405440000.0
64954	25022	-1	-1	1407945600.0
64955	25053	446.25	-1	863625600.0
64956	25053	78.75	-1	863625600.0
64957	25056	-1	-1	893779200.0
64958	25056	-1	-1	893779200.0
64959	25056	-1	-1	893779200.0
64960	25061	-1	-1	815932800.0
64961	25061	-1	-1	815932800.0
64962	25061	-1	-1	815932800.0
64963	25061	-1	-1	815932800.0
64964	25063	122.5	-1	740160000.0
64965	25063	196.0	-1	740160000.0
64966	25063	171.5	-1	740160000.0
64967	25104	-1	-1	1001260800.0
64967	25104	-1	-1	1001260800.0
63821	25142	-1	-1	1300809600.0
63821	25142	-1	-1	1300809600.0
64968	25154	-1	-1	1095177600.0
64969	25154	-1	-1	1095177600.0
64970	25167	-1	-1	1064678400.0
64971	25167	-1	-1	1064678400.0
64972	25167	-1	-1	1064678400.0
64973	25254	500.0	-1	1105891200.0
64974	25289	-1	-1	1244476800.0
64975	25410	750.0	-1	1162310400.0
64976	25410	680.0	-1	1162310400.0
64977	25452	-1	-1	1400688000.0
64978	25453	5.0	-1	1144598400.0
64979	25458	13805.0	-1	1346342400.0
64980	25461	-1	-1	1090339200.0
64981	25501	-1	-1	992880000.0
64982	25501	-1	-1	992880000.0
64983	25506	-1	-1	1417449600.0
64984	25777	2280.0	-1	725644800.0
64985	25777	1950.0	-1	725644800.0
64986	25802	1000.0	-1	1314028800.0
64987	25818	1520.0	-1	901555200.0
64988	25818	1200.0	-1	901555200.0
64989	25818	200.0	-1	901555200.0
64990	25872	-1	-1	951321600.0
64991	25872	-1	-1	951321600.0
7039	25878	-1	757267200.0	1216051200.0
64992	25968	-1	-1	1011888000.0
64993	25968	-1	-1	1011888000.0
64994	26020	-1	-1	1307030400.0
64995	26020	-1	-1	1307030400.0
64996	26020	-1	-1	1307030400.0
64411	26024	-1	-1	946310400.0
64997	26033	-1	-1	785692800.0
64998	26075	-1	-1	1092585600.0
64999	26082	50.0	-1	1289232000.0
65000	26223	2400.0	-1	1190822400.0
65000	26223	2400.0	-1	1190822400.0
65001	26261	-1	-1	703526400.0
65002	26261	-1	-1	703526400.0
65003	26261	-1	-1	703526400.0
65004	26261	-1	-1	703526400.0
65005	26266	800.0	-1	1369756800.0
65006	26301	-1	-1	948988800.0
65007	26301	-1	-1	948988800.0
65008	26401	60.0	-1	1220889600.0
65009	26410	-1	-1	1078416000.0
65010	26410	-1	-1	1078416000.0
65011	26410	-1	-1	1078416000.0
65012	26410	-1	-1	1078416000.0
65013	26410	-1	-1	1078416000.0
65014	26410	290.2897	-1	1078416000.0
65015	26467	-1	-1	1040572800.0
65016	26496	-1	-1	871920000.0
65017	26496	-1	-1	871920000.0
65018	26496	-1	-1	871920000.0
65019	26496	-1	-1	871920000.0
65020	26528	60.0	-1	689011200.0
65021	26528	60.0	-1	689011200.0
65022	26533	-1	-1	1194969600.0
9125	26546	-1	999619200.0	1028131200.0
65023	26629	-1	-1	1395158400.0
65024	26678	-1	-1	1373472000.0
65025	26715	500.0	-1	1194969600.0
65026	26755	-1	-1	1198080000.0
65027	26806	-1	-1	1112025600.0
65028	26961	-1	-1	1057161600.0
65029	26992	-1	-1	1355414400.0
65029	26992	-1	-1	1355414400.0
65030	27015	-1	-1	1185897600.0
65031	27015	-1	-1	1185897600.0
65032	27015	-1	-1	1185897600.0
65033	27015	-1	-1	1185897600.0
65034	27015	-1	-1	1185897600.0
65035	27015	-1	-1	1185897600.0
65036	27015	-1	-1	1185897600.0
65037	27015	-1	-1	1185897600.0
65038	27015	-1	-1	1185897600.0
65039	27015	-1	-1	1185897600.0
65040	27015	-1	-1	1185897600.0
65041	27036	-1	-1	1088524800.0
65042	27036	-1	-1	1088524800.0
65043	27039	20.0	-1	989769600.0
30709	27039	30.0	1183305600.0	989769600.0
65044	27045	270.0	-1	757180800.0
65045	27086	5.0	-1	877536000.0
65045	27086	5.0	-1	877536000.0
65046	27106	-1	-1	1018800000.0
65046	27106	-1	-1	1018800000.0
65047	27151	250.0	-1	1073491200.0
65048	27210	-1	-1	699292800.0
65049	27289	-1	-1	1064419200.0
65049	27289	-1	-1	1064419200.0
65050	27321	-1	-1	878054400.0
65051	27321	-1	-1	878054400.0
22205	27428	-1	1067875200.0	865872000.0
65052	27546	1600.0	-1	939484800.0
65053	27574	108.0	-1	917366400.0
65054	27574	252.0	-1	917366400.0
65055	27593	-1	-1	1336060800.0
65056	27612	1000.0	-1	1312214400.0
65057	27749	-1	-1	797529600.0
65058	27792	-1	-1	1326902400.0
65059	27814	-1	-1	897235200.0
65060	27823	-1	-1	884275200.0
65061	27823	-1	-1	884275200.0
65062	27838	-1	-1	1379779200.0
65063	27865	-1	-1	1290441600.0
65064	27903	3000.0	-1	1343923200.0
65065	27903	1000.0	-1	1343923200.0
64542	27953	0.0	-1	1347811200.0
64543	27953	4800.0	-1	1347811200.0
65066	27957	-1	-1	880732800.0
65067	27994	1900.0	-1	1297872000.0
65068	28023	39.0	-1	1112544000.0
65069	28066	-1	-1	647535600.0
65070	28081	-1	-1	1298908800.0
65071	28113	180.54	-1	1003420800.0
65072	28197	2000.0	-1	1259769600.0
65073	28243	-1	-1	1276358400.0
65074	28275	5000.0	-1	974131200.0
65075	28408	1000.0	-1	959270400.0
65076	28408	1500.0	-1	959270400.0
65077	28431	-1	-1	1282147200.0
65078	28478	23.2979	-1	910108800.0
65079	28479	13695.2344	-1	371923200.0
65080	28479	1300.0	-1	371923200.0
65081	28479	5674.57	-1	371923200.0
65082	28480	-1	-1	1057075200.0
65083	28480	-1	-1	1057075200.0
65084	28526	540.0	-1	945014400.0
65085	28526	360.0	-1	945014400.0
65086	28545	-1	-1	879177600.0
65087	28545	-1	-1	879177600.0
65088	28601	-1	-1	984931200.0
65089	28652	-1	-1	1358179200.0
64683	28655	960.0	-1	1201104000.0
65090	28655	40.0	-1	1201104000.0
65091	28694	276.3576	-1	1053014400.0
65092	28694	218.6424	-1	1053014400.0
65093	28729	-1	-1	1089216000.0
65094	28729	-1	-1	1089216000.0
65095	28788	47.5	-1	1077033600.0
63975	28797	4800.0	-1	1177516800.0
63888	28797	1200.0	-1	1177516800.0
65096	28816	41000.0	-1	1265299200.0
65097	28869	-1	-1	913046400.0
65098	28881	-1	-1	1018195200.0
64131	28881	90.0	-1	1018195200.0
65099	28890	32.0	-1	1034784000.0
65100	28899	-1	-1	1109692800.0
65101	28900	-1	-1	1103731200.0
65102	28916	2400.0	-1	1181145600.0
65103	28952	1000.0	-1	1331827200.0
65104	29051	-1	-1	985276800.0
64531	29051	-1	-1	985276800.0
64013	29051	-1	-1	985276800.0
65105	29051	-1	-1	985276800.0
65106	29074	15.0	-1	930240000.0
6538	29074	15.0	758822400.0	930240000.0
65107	29088	15.0	-1	852566400.0
65108	29088	3.0	-1	852566400.0
65109	29126	-1	-1	951321600.0
65110	29126	-1	-1	951321600.0
65111	29180	-1	-1	1302710400.0
65111	29180	-1	-1	1302710400.0
65112	29207	35.0	-1	722793600.0
65113	29207	15.0	-1	722793600.0
63860	29216	2500.0	-1	1079539200.0
65114	29487	-1	-1	973785600.0
65114	29487	-1	-1	973785600.0
65114	29487	-1	-1	973785600.0
65115	29539	360.0	-1	780336000.0
65116	29603	-1	-1	1405612800.0
65117	29655	490.0	-1	1237478400.0
65118	29655	510.0	-1	1237478400.0
65119	29696	-1	-1	1262793600.0
65120	29696	-1	-1	1262793600.0
65121	29696	-1	-1	1262793600.0
65121	29696	-1	-1	1262793600.0
65119	29696	-1	-1	1262793600.0
65120	29696	-1	-1	1262793600.0
65122	29707	-1	-1	934300800.0
65123	29707	-1	-1	934300800.0
64262	29735	300.0	-1	410544000.0
65124	29766	3500.0	-1	1038326400.0
65125	29766	-1	-1	1038326400.0
65126	29766	2100.0	-1	1038326400.0
22110	29805	-1	1264608000.0	1056643200.0
65127	29824	479.0	-1	1047916800.0
65128	29857	789.0	-1	776275200.0
65129	29857	672.0	-1	776275200.0
65130	29903	-1	-1	864748800.0
65131	29919	988.0	-1	959875200.0
65132	29943	1000.0	-1	1261670400.0
65133	29944	-1	-1	1158076800.0
65134	29944	-1	-1	1158076800.0
65135	29944	-1	-1	1158076800.0
40357	29963	-1	578242800.0	1034092800.0
65136	29964	-1	-1	1014307200.0
30379	30001	3000.0	985708800.0	1239120000.0
65137	30007	-1	-1	1095609600.0
65138	30007	-1	-1	1095609600.0
65139	30007	-1	-1	1095609600.0
65140	30040	24.0	-1	914342400.0
65141	30079	-1	-1	1280764800.0
1911	30165	-1	576172800.0	1373299200.0
65142	30188	12.0	-1	729187200.0
65143	30188	48.0	-1	729187200.0
65144	30202	-1	-1	894816000.0
65145	30209	-1	-1	880473600.0
65146	30213	-1	-1	985708800.0
64075	30213	-1	-1	985708800.0
65080	30271	-1	-1	976032000.0
65147	30271	-1	-1	976032000.0
64337	30271	-1	-1	976032000.0
65148	30271	-1	-1	976032000.0
64230	30271	-1	-1	976032000.0
65149	30306	-1	-1	1020787200.0
64378	30379	-1	-1	985708800.0
65150	30404	2.5	-1	884188800.0
65151	30539	-1	-1	847123200.0
65152	30545	150.0	-1	1229443200.0
65153	30583	-1	-1	1277827200.0
65154	30619	-1	-1	896976000.0
65155	30619	-1	-1	896976000.0
65156	30619	-1	-1	896976000.0
65157	30630	64.7	-1	889113600.0
8573	30699	380.0	888940800.0	902678400.0
65158	30699	20.0	-1	902678400.0
65159	30736	800.0	-1	1001433600.0
65160	30807	2180.0	-1	1053446400.0
65161	30807	-1	-1	1053446400.0
65162	30854	-1	-1	1268150400.0
65163	30923	-1	-1	1151424000.0
65164	30976	-1	-1	1243353600.0
65165	30985	-1	-1	1093536000.0
65166	31015	-1	-1	1183996800.0
65167	31035	-1	-1	1087660800.0
65168	31104	-1	-1	1356019200.0
65169	31148	-1	-1	1399132800.0
65170	31157	-1	-1	1416499200.0
65171	31157	-1	-1	1416499200.0
65170	31157	-1	-1	1416499200.0
65171	31157	-1	-1	1416499200.0
65172	31230	-1	-1	884102400.0
65173	31272	-1	-1	1071676800.0
63837	31272	-1	-1	1071676800.0
65174	31273	-1	-1	1221148800.0
65175	31273	-1	-1	1221148800.0
65176	31282	-1	-1	1194796800.0
65177	31317	-1	-1	1055260800.0
65178	31317	-1	-1	1055260800.0
65179	31375	-1	-1	908812800.0
65180	31375	-1	-1	908812800.0
65181	31375	-1	-1	908812800.0
65182	31375	-1	-1	908812800.0
65183	31375	-1	-1	908812800.0
65184	31382	-1	-1	1267113600.0
65184	31382	-1	-1	1267113600.0
65185	31402	-1	-1	1098115200.0
57442	31402	-1	1059580800.0	1098115200.0
65186	31402	-1	-1	1098115200.0
63902	31411	-1	-1	1198598400.0
65187	31411	1351.0	-1	1198598400.0
65188	31411	-1	-1	1198598400.0
65189	31478	-1	-1	1343836800.0
65190	31481	-1	-1	973785600.0
65191	31481	-1	-1	973785600.0
65192	31517	34.0	-1	885484800.0
65193	31517	4.0	-1	885484800.0
65194	31559	-1	-1	807120000.0
65195	31559	-1	-1	807120000.0
65196	31559	-1	-1	807120000.0
65197	31603	-1	-1	872179200.0
65198	31665	-1	-1	1070899200.0
65199	31684	-1	-1	853948800.0
65200	31702	-1	-1	1157558400.0
65201	31767	278.0	-1	843148800.0
65202	31767	5.0	-1	843148800.0
65203	31770	40.0	-1	1187712000.0
65203	31770	40.0	-1	1187712000.0
65204	31865	-1	-1	1248883200.0
65205	31901	669.0	-1	1303660800.0
65206	31962	-1	-1	1214150400.0
65207	31987	-1	-1	1079884800.0
65208	31989	-1	-1	1054224000.0
65209	32011	129.8	-1	1130169600.0
65210	32011	90.2	-1	1130169600.0
65211	32051	-1	-1	1028131200.0
65212	32051	-1	-1	1028131200.0
65213	32051	-1	-1	1028131200.0
65214	32051	-1	-1	1028131200.0
65215	32051	-1	-1	1028131200.0
65216	32051	-1	-1	1028131200.0
65217	32051	-1	-1	1028131200.0
65218	32051	-1	-1	1028131200.0
65219	32051	-1	-1	1028131200.0
65220	32169	-1	-1	1152460800.0
65221	32169	-1	-1	1152460800.0
65222	32344	808.0	-1	1295884800.0
64411	32354	318732.0	-1	1004284800.0
65223	32365	40.0	-1	1141920000.0
65224	32391	80.0	-1	901468800.0
65225	32435	-1	-1	1242835200.0
65226	32445	400.5	-1	1005235200.0
65227	32501	-1	-1	1307548800.0
65228	32523	-1	-1	835718400.0
65229	32540	106.75	-1	734544000.0
65230	32540	68.55	-1	734544000.0
65231	32540	129.7	-1	734544000.0
65232	32548	657.8947	-1	1004889600.0
65233	32548	180.0	-1	1004889600.0
65234	32597	-1	-1	1419868800.0
65235	32607	-1	-1	1331654400.0
65236	32654	-1	-1	1182960000.0
65237	32707	-1	-1	1273161600.0
65238	32725	-1	-1	1124121600.0
65239	32750	-1	-1	1009209600.0
65091	32787	-1	-1	1127750400.0
65240	32787	-1	-1	1127750400.0
65241	32810	-1	-1	1137340800.0
65242	32826	-1	-1	1326384000.0
65243	32833	-1	-1	859219200.0
65244	32848	-1	-1	907084800.0
64991	32883	180.0	-1	1082476800.0
44361	32883	20.0	1086105600.0	1082476800.0
65245	32891	-1	-1	1081872000.0
65246	32894	-1	-1	869068800.0
65247	32894	-1	-1	869068800.0
65248	32894	-1	-1	869068800.0
65249	32906	-1	-1	1001347200.0
65250	32906	-1	-1	1001347200.0
65251	33009	500.0	-1	1314633600.0
65252	33016	8.0	-1	846777600.0
65157	33016	39.3	-1	846777600.0
63837	33052	642.0	-1	1087747200.0
65253	33058	-1	-1	1126195200.0
65254	33060	10.0	-1	1008086400.0
65255	33060	24.0	-1	1008086400.0
65256	33065	1200.0	-1	1277136000.0
63860	33095	6822.014	-1	1283616000.0
65257	33148	-1	-1	1130169600.0
65258	33148	-1	-1	1130169600.0
65259	33158	2100.0	-1	1076947200.0
65260	33241	250.0	-1	1155225600.0
65261	33255	100.0	-1	1229270400.0
65262	33345	-1	-1	952876800.0
65263	33348	500.0	-1	1038758400.0
65264	33360	-1	-1	873993600.0
65265	33360	-1	-1	873993600.0
65266	33360	-1	-1	873993600.0
65267	33363	-1	-1	1398614400.0
65268	33503	790.54	-1	1113321600.0
65269	33660	-1	-1	574876800.0
65270	33660	-1	-1	574876800.0
65271	33660	-1	-1	574876800.0
65272	33660	-1	-1	574876800.0
65273	33660	-1	-1	574876800.0
65274	33660	-1	-1	574876800.0
65275	33660	-1	-1	574876800.0
65276	33660	-1	-1	574876800.0
65277	33660	-1	-1	574876800.0
65278	33660	-1	-1	574876800.0
12066	33671	-1	1089734400.0	1140624000.0
65279	33726	-1	-1	1085500800.0
65280	33740	-1	-1	1013184000.0
65281	33740	-1	-1	1013184000.0
65282	33740	-1	-1	1013184000.0
10202	33740	-1	852393600.0	1013184000.0
65283	33758	-1	-1	1067961600.0
65284	33879	5.0	-1	892051200.0
65285	33895	-1	-1	1133971200.0
65286	33906	-1	-1	733161600.0
65287	33906	-1	-1	733161600.0
65288	33906	-1	-1	733161600.0
65289	33906	-1	-1	733161600.0
63866	33906	-1	-1	733161600.0
65290	33906	-1	-1	733161600.0
65291	33906	-1	-1	733161600.0
63938	33906	-1	-1	733161600.0
63977	33906	-1	-1	733161600.0
65292	33906	-1	-1	733161600.0
65293	33919	-1	-1	997113600.0
65294	33919	-1	-1	997113600.0
65295	33952	-1	-1	1167926400.0
65296	33952	-1	-1	1167926400.0
65297	34048	-1	-1	937756800.0
65298	34065	160.0	-1	906566400.0
65299	34091	400.0	-1	1357747200.0
65300	34091	100.0	-1	1357747200.0
65301	34116	5000.0	-1	1020096000.0
65302	34127	300.0	-1	1244044800.0
65303	34149	1300.0	-1	974995200.0
65304	34149	200.0	-1	974995200.0
65305	34149	100.0	-1	974995200.0
65306	34149	1729.27	-1	974995200.0
65307	34192	4000.0	-1	1345478400.0
65308	34192	6000.0	-1	1345478400.0
65309	34192	3000.0	-1	1345478400.0
65310	34192	15000.0	-1	1345478400.0
65311	34213	45.0	-1	1086192000.0
65312	34214	-1	-1	656179200.0
65313	34214	-1	-1	656179200.0
65314	34214	-1	-1	656179200.0
65315	34214	-1	-1	656179200.0
65180	34214	-1	-1	656179200.0
65316	34218	-1	-1	876067200.0
65317	34218	-1	-1	876067200.0
65318	34220	51.0	-1	1162396800.0
65318	34220	51.0	-1	1162396800.0
65319	34222	-1	-1	1069257600.0
65320	34222	-1	-1	1069257600.0
65321	34393	102.0	-1	929289600.0
65322	34393	40.0	-1	929289600.0
65323	34393	58.0	-1	929289600.0
65324	34423	20.0	-1	1365955200.0
65325	34423	20.0293	-1	1365955200.0
36111	34468	900.0	1298217600.0	1355932800.0
65326	34510	255.0	-1	1245945600.0
65327	34603	-1	-1	1008864000.0
65091	34603	-1	-1	1008864000.0
65328	34603	-1	-1	1008864000.0
65329	34754	-1	-1	1418313600.0
65330	34808	-1	-1	842976000.0
65330	34808	-1	-1	842976000.0
65331	34833	-1	-1	1340812800.0
65332	34934	-1	-1	897408000.0
65333	34934	672.4716	-1	897408000.0
64778	34934	-1	-1	897408000.0
65334	34948	-1	-1	1006876800.0
65335	34969	-1	-1	1400169600.0
64341	35017	-1	-1	1043683200.0
65336	35082	-1	-1	540403200.0
65337	35082	-1	-1	540403200.0
65338	35127	-1	-1	1385308800.0
65339	35242	-1	-1	942249600.0
65340	35242	868.0	-1	942249600.0
65341	35256	500.0	-1	764179200.0
65342	35256	500.0	-1	764179200.0
65343	35311	12.129	-1	1095350400.0
65344	35311	1.341	-1	1095350400.0
65345	35323	800.0	-1	1050336000.0
65346	35323	200.0	-1	1050336000.0
65347	35325	255.0	-1	1336579200.0
65348	35352	-1	-1	1208361600.0
64880	35352	-1	-1	1208361600.0
64007	35355	-1	-1	1023984000.0
65349	35355	20.0	-1	1023984000.0
65350	35362	-1	-1	1391961600.0
65351	35471	85316.0	-1	1151856000.0
65352	35471	76190.33	-1	1151856000.0
65353	35471	1000.0	-1	1151856000.0
65354	35490	-1	-1	1130774400.0
65355	35490	-1	-1	1130774400.0
65356	35498	-1	-1	1053532800.0
65357	35600	4000.0	-1	1348416000.0
65358	35616	26.0	-1	1001347200.0
65359	35618	5000.0	-1	1347552000.0
64083	35706	623.48	-1	968688000.0
65360	35706	1774.52	-1	968688000.0
65361	35736	-1	-1	1314547200.0
65362	35746	28.0	-1	881769600.0
65363	35774	-1	-1	1403020800.0
65364	35791	500.0	-1	1316620800.0
65365	35799	-1	-1	1043337600.0
65366	35841	-1	-1	1316448000.0
54732	35876	-1	891360000.0	1061827200.0
65367	35876	-1	-1	1061827200.0
65368	35948	-1	-1	990374400.0
65369	35951	-1	-1	780076800.0
65370	35951	-1	-1	780076800.0
65371	35974	110.0	-1	1049212800.0
65372	35974	378.0	-1	1049212800.0
65373	36010	-1	-1	1422288000.0
65374	36015	-1	-1	1336665600.0
65375	36015	-1	-1	1336665600.0
65376	36292	-1	-1	1020009600.0
65377	36301	1000.0	-1	1122739200.0
65378	36408	250.0	-1	1081180800.0
65379	36408	250.0	-1	1081180800.0
65380	36453	600.0	-1	1311091200.0
65381	36564	-1	-1	1309449600.0
65382	36615	25.5	-1	1352908800.0
65383	36623	-1	-1	1350835200.0
65384	36626	-1	-1	1011542400.0
65385	36626	-1	-1	1011542400.0
65386	36725	190.3	-1	1039968000.0
65387	36809	300.0	-1	930326400.0
65388	36893	-1	-1	1051632000.0
65389	36895	22.0	-1	1205942400.0
65390	36895	78.0	-1	1205942400.0
65391	36917	-1	-1	1289318400.0
65392	36934	-1	-1	1009641600.0
65393	36934	-1	-1	1009641600.0
65394	36992	-1	-1	1329408000.0
65395	37049	-1	-1	1190217600.0
65396	37086	-1	-1	1040140800.0
65396	37086	-1	-1	1040140800.0
65397	37113	100.0	-1	1229529600.0
65398	37156	-1	-1	1413388800.0
65399	37197	-1	-1	1090339200.0
65400	37199	-1	-1	740851200.0
65401	37199	195.0	-1	740851200.0
63975	37237	650.0	-1	972662400.0
65402	37245	-1	-1	1338134400.0
65403	37286	-1	-1	1167408000.0
65404	37327	8.0	-1	1027267200.0
65405	37343	-1	-1	1134921600.0
65406	37366	70.0	-1	1366819200.0
65407	37409	-1	-1	977846400.0
65408	37409	-1	-1	977846400.0
65409	37450	200.0	-1	1031500800.0
65410	37480	26.0	-1	797097600.0
65411	37480	49.0	-1	797097600.0
63975	37506	-1	-1	979228800.0
65412	37626	-1	-1	1175616000.0
65413	37652	-1	-1	1387123200.0
65414	37652	-1	-1	1387123200.0
65415	37660	1455.0	-1	977414400.0
65416	37667	-1	-1	864057600.0
65417	37667	-1	-1	864057600.0
65418	37667	-1	-1	864057600.0
65419	37667	-1	-1	864057600.0
65420	37709	-1	-1	1022169600.0
65421	37709	-1	-1	1022169600.0
65422	37709	-1	-1	1022169600.0
65423	37718	-1	-1	1159286400.0
65424	37718	-1	-1	1159286400.0
65425	37718	-1	-1	1159286400.0
65426	37751	4000.0	-1	1036425600.0
65427	37783	-1	-1	835113600.0
31317	37783	-1	1055260800.0	835113600.0
65428	37789	-1	-1	1425312000.0
65429	37789	-1	-1	1425312000.0
65430	37792	-1	-1	1162310400.0
65431	37854	-1	-1	1050940800.0
65432	37891	-1	-1	1061481600.0
65433	37891	-1	-1	1061481600.0
65434	37891	-1	-1	1061481600.0
65435	37891	-1	-1	1061481600.0
65436	37919	255.0	-1	1355414400.0
65437	37997	-1	-1	1119369600.0
65438	38032	-1	-1	864921600.0
65439	38062	-1	-1	1040227200.0
65440	38097	-1	-1	1269878400.0
65441	38097	-1	-1	1269878400.0
65442	38101	-1	-1	1003939200.0
65443	38142	-1	-1	1301673600.0
65444	38150	-1	-1	1086019200.0
65445	38182	-1	-1	938102400.0
65446	38182	-1	-1	938102400.0
65447	38182	-1	-1	938102400.0
65448	38182	-1	-1	938102400.0
64550	38182	-1	-1	938102400.0
65449	38182	-1	-1	938102400.0
65450	38182	-1	-1	938102400.0
65451	38192	-1	-1	1072281600.0
65452	38239	-1	-1	833040000.0
65453	38239	-1	-1	833040000.0
64794	38239	-1	-1	833040000.0
65454	38239	-1	-1	833040000.0
65287	38239	-1	-1	833040000.0
65455	38239	-1	-1	833040000.0
65456	38239	-1	-1	833040000.0
65457	38239	-1	-1	833040000.0
65292	38239	-1	-1	833040000.0
65458	38336	1000.0	-1	963504000.0
65459	38336	32.0	-1	963504000.0
64809	38352	-1	-1	757008000.0
65460	38352	-1	-1	757008000.0
65461	38352	-1	-1	757008000.0
65462	38352	-1	-1	757008000.0
65216	38352	-1	-1	757008000.0
65393	38352	-1	-1	757008000.0
64925	38352	-1	-1	757008000.0
65455	38352	-1	-1	757008000.0
65463	38353	-1	-1	718300800.0
65464	38353	-1	-1	718300800.0
64809	38353	-1	-1	718300800.0
65465	38353	-1	-1	718300800.0
65466	38353	-1	-1	718300800.0
65467	38353	-1	-1	718300800.0
64332	38353	-1	-1	718300800.0
17796	38353	-1	371318400.0	718300800.0
65468	38353	-1	-1	718300800.0
65469	38353	-1	-1	718300800.0
65356	38416	-1	-1	1363017600.0
65470	38434	-1	-1	1053878400.0
23311	38496	90.0	1126627200.0	1236528000.0
65471	38497	160.18	-1	1127059200.0
65472	38540	18.0	-1	1256054400.0
65473	38589	-1	-1	865785600.0
64608	38589	-1	-1	865785600.0
65474	38589	-1	-1	865785600.0
65475	38589	-1	-1	865785600.0
65476	38589	-1	-1	865785600.0
63977	38589	-1	-1	865785600.0
64532	38589	-1	-1	865785600.0
65477	38600	-1	-1	1055347200.0
65478	38610	29.0	-1	1096214400.0
65479	38630	-1	-1	1039536000.0
65480	38679	75.0	-1	1161705600.0
65480	38679	75.0	-1	1161705600.0
65481	38720	-1	-1	989856000.0
65482	38728	-1	-1	1362067200.0
65483	38728	-1	-1	1362067200.0
63927	38728	-1	-1	1362067200.0
65484	38728	-1	-1	1362067200.0
65485	38728	-1	-1	1362067200.0
65486	38728	-1	-1	1362067200.0
65487	38728	-1	-1	1362067200.0
65488	38728	-1	-1	1362067200.0
65489	38768	-1	-1	851529600.0
65490	38768	-1	-1	851529600.0
65273	38768	-1	-1	851529600.0
64141	38768	-1	-1	851529600.0
65491	38768	-1	-1	851529600.0
64532	38768	-1	-1	851529600.0
65492	38768	-1	-1	851529600.0
65493	38780	490.0	-1	1081958400.0
65494	38780	510.0	-1	1081958400.0
65495	38825	-1	-1	1211817600.0
65496	38849	1000.0	-1	1260115200.0
63975	38866	-1	-1	433785600.0
65497	38966	-1	-1	1262534400.0
65498	38966	-1	-1	1262534400.0
65499	38975	-1	-1	988041600.0
65500	38976	-1	-1	1001520000.0
65501	38992	-1	-1	910540800.0
65502	39008	14.63	-1	483379200.0
65503	39008	34.14	-1	483379200.0
65504	39047	-1	-1	942336000.0
64448	39066	1500.0	-1	1052323200.0
64448	39066	1500.0	-1	1052323200.0
65505	39085	3500.0	-1	1188403200.0
65506	39085	1500.0	-1	1188403200.0
65507	39119	-1	-1	821116800.0
65508	39119	-1	-1	821116800.0
65509	39125	-1	-1	912096000.0
65510	39138	27.0	-1	1079539200.0
65511	39138	33.0	-1	1079539200.0
65512	39138	40.0	-1	1079539200.0
65512	39138	40.0	-1	1079539200.0
65510	39138	27.0	-1	1079539200.0
65511	39138	33.0	-1	1079539200.0
65513	39145	2000.0	-1	1303056000.0
65514	39154	-1	-1	1345564800.0
65515	39226	100.0	-1	867340800.0
65516	39238	674.6	-1	858009600.0
65517	39238	2698.4	-1	858009600.0
65518	39260	-1	-1	868896000.0
65519	39265	-1	-1	1121616000.0
65520	39313	-1	-1	1375200000.0
65521	39313	-1	-1	1375200000.0
40064	39350	16000.0	1354464000.0	1299772800.0
65522	39350	4000.0	-1	1299772800.0
65523	39378	-1	-1	1287504000.0
65524	39387	43.35	-1	1095177600.0
65525	39387	10.84	-1	1095177600.0
65526	39435	-1	-1	1395936000.0
7887	39448	-1	1158508800.0	1238688000.0
65527	39448	-1	-1	1238688000.0
65528	39448	-1	-1	1238688000.0
65529	39448	-1	-1	1238688000.0
65530	39448	-1	-1	1238688000.0
65531	39464	61.68	-1	862848000.0
65532	39464	53.02	-1	862848000.0
65533	39528	-1	-1	916156800.0
65534	39538	-1	-1	1283184000.0
65535	39624	-1	-1	1355932800.0
65536	39640	5.0	-1	1059321600.0
65537	39640	20.0	-1	1059321600.0
65538	39726	-1	-1	1080489600.0
65539	39726	-1	-1	1080489600.0
65540	39734	-1	-1	1049731200.0
65541	39780	-1	-1	1180886400.0
65542	39789	-1	-1	1229443200.0
65543	39795	-1	-1	1308067200.0
65544	39795	-1	-1	1308067200.0
65545	39866	800.0	-1	821376000.0
65546	39901	100.0	-1	895766400.0
65547	39926	-1	-1	1392652800.0
65548	39948	-1	-1	374169600.0
65549	39980	-1	-1	1081785600.0
65550	39980	-1	-1	1081785600.0
65551	40009	2370.2	-1	1068393600.0
65552	40040	-1	-1	1018800000.0
65553	40064	1000.0	-1	1354464000.0
65554	40090	-1	-1	734198400.0
65555	40090	-1	-1	734198400.0
65455	40090	-1	-1	734198400.0
65556	40090	-1	-1	734198400.0
64382	40218	-1	-1	922550400.0
65557	40226	2080.0	-1	1312819200.0
65558	40241	-1	-1	822844800.0
65559	40241	-1	-1	822844800.0
65560	40241	-1	-1	822844800.0
65561	40340	900.0	-1	1027526400.0
65561	40340	900.0	-1	1027526400.0
65562	40340	900.0	-1	1027526400.0
65562	40340	900.0	-1	1027526400.0
63975	40357	-1	-1	578242800.0
64884	40357	-1	-1	578242800.0
64579	40357	-1	-1	578242800.0
65563	40384	-1	-1	1255881600.0
65564	40402	-1	-1	1223568000.0
65565	40451	16.5	-1	985536000.0
65566	40461	765.0	-1	1260288000.0
65567	40461	735.0	-1	1260288000.0
65568	40480	-1	-1	857404800.0
65569	40508	-1	-1	977846400.0
65570	40508	-1	-1	977846400.0
65571	40531	-1	-1	799257600.0
65572	40531	-1	-1	799257600.0
65573	40549	-1	-1	1252944000.0
65574	40551	-1	-1	1329926400.0
65575	40564	-1	-1	1145980800.0
64996	40564	-1	-1	1145980800.0
65576	40564	-1	-1	1145980800.0
65577	40666	-1	-1	984067200.0
65578	40682	110.0	-1	1113753600.0
65579	40690	-1	-1	1232467200.0
65580	40695	-1	-1	1039536000.0
65580	40695	-1	-1	1039536000.0
65581	40781	1149.38	-1	1059494400.0
65582	40922	728.0	-1	1250697600.0
65583	40922	420.0	-1	1250697600.0
65584	40922	420.0	-1	1250697600.0
65585	40956	-1	-1	1417968000.0
65586	40987	-1	-1	1185292800.0
65587	41039	-1	-1	867427200.0
65588	41057	-1	-1	1098633600.0
65589	41153	-1	-1	1171296000.0
65590	41153	-1	-1	1171296000.0
65591	41171	-1	-1	1260892800.0
65592	41171	-1	-1	1260892800.0
8508	41171	-1	1124294400.0	1260892800.0
65593	41219	-1	-1	1077465600.0
65594	41226	25.0	-1	1099843200.0
65595	41226	60.0	-1	1099843200.0
65596	41365	50.0	-1	1368547200.0
63976	41402	-1	-1	879091200.0
65597	41441	330.0	-1	1332864000.0
65598	41441	270.0	-1	1332864000.0
65599	41617	20.0	-1	955555200.0
65600	41617	50.0	-1	955555200.0
65601	41617	30.0	-1	955555200.0
65602	41640	1.0	-1	1262793600.0
65603	41667	140.0	-1	1135872000.0
65604	41667	10.0	-1	1135872000.0
65605	41753	-1	-1	1110124800.0
65606	41785	-1	-1	1413302400.0
65607	41810	-1	-1	771868800.0
65608	41956	331.0	-1	1151424000.0
65609	41956	670.0	-1	1151424000.0
65610	41957	1400.0	-1	1195747200.0
65611	41958	-1	-1	1047916800.0
65481	41971	-1	-1	1406044800.0
65612	41971	-1	-1	1406044800.0
65613	42079	-1	-1	386870400.0
65614	42119	-1	-1	959702400.0
65615	42119	-1	-1	959702400.0
65033	42215	-1	-1	720547200.0
63867	42215	-1	-1	720547200.0
65616	42215	-1	-1	720547200.0
65617	42215	-1	-1	720547200.0
65618	42215	-1	-1	720547200.0
64233	42215	-1	-1	720547200.0
65619	42215	-1	-1	720547200.0
64609	42215	-1	-1	720547200.0
64341	42215	-1	-1	720547200.0
65620	42215	-1	-1	720547200.0
65621	42271	-1	-1	495907200.0
65622	42271	-1	-1	495907200.0
65623	42271	-1	-1	495907200.0
65624	42271	-1	-1	495907200.0
65625	42271	-1	-1	495907200.0
65626	42271	-1	-1	495907200.0
65627	42271	-1	-1	495907200.0
65628	42271	-1	-1	495907200.0
65629	42271	-1	-1	495907200.0
65326	42271	-1	-1	495907200.0
65630	42271	-1	-1	495907200.0
65631	42271	-1	-1	495907200.0
65632	42271	-1	-1	495907200.0
65633	42271	-1	-1	495907200.0
65634	42271	-1	-1	495907200.0
65635	42271	-1	-1	495907200.0
65636	42271	-1	-1	495907200.0
65637	42271	-1	-1	495907200.0
65638	42271	-1	-1	495907200.0
65639	42271	-1	-1	495907200.0
65640	42271	-1	-1	495907200.0
65641	42345	5.0	-1	994176000.0
65642	42429	800.0	-1	1081094400.0
65643	42479	-1	-1	1357574400.0
65644	42508	-1	-1	1389715200.0
65645	42579	-1	-1	1032192000.0
65646	42579	-1	-1	1032192000.0
64510	42595	-1	-1	1267113600.0
65647	42595	-1	-1	1267113600.0
65648	42619	-1	-1	1007049600.0
65649	42674	-1	-1	981302400.0
65650	42681	-1	-1	1120492800.0
65650	42681	-1	-1	1120492800.0
65651	42746	276.0	-1	858268800.0
65652	42746	18.55	-1	858268800.0
65653	42746	413.0	-1	858268800.0
65654	42782	100.0	-1	1348588800.0
65655	42841	-1	-1	992275200.0
65656	42841	-1	-1	992275200.0
65657	42841	-1	-1	992275200.0
65658	42954	-1	-1	880992000.0
65659	42972	-1	-1	988473600.0
63882	42972	-1	-1	988473600.0
65660	42974	-1	-1	1077465600.0
65660	42974	-1	-1	1077465600.0
65131	43074	-1	-1	1247500800.0
65661	43086	-1	-1	1060185600.0
65662	43135	-1	-1	902678400.0
65663	43136	13.77	-1	1200931200.0
65664	43159	410.0	-1	731692800.0
65665	43238	47.5	-1	1034784000.0
65666	43248	-1	-1	1186502400.0
65667	43272	-1	-1	1065196800.0
65668	43273	500.0	-1	859737600.0
65669	43311	-1	-1	894556800.0
65670	43311	-1	-1	894556800.0
65671	43372	-1	-1	1389628800.0
65672	43372	-1	-1	1389628800.0
65673	43372	-1	-1	1389628800.0
65674	43375	520.746	-1	1142265600.0
10202	43404	-1	852393600.0	931190400.0
63904	43404	-1	-1	931190400.0
63991	43404	-1	-1	931190400.0
10202	43404	-1	852393600.0	931190400.0
65675	43404	-1	-1	931190400.0
63904	43404	-1	-1	931190400.0
63991	43404	-1	-1	931190400.0
65675	43404	-1	-1	931190400.0
65676	43474	6999.375	-1	1213804800.0
65677	43474	1562.8125	-1	1213804800.0
65678	43474	281.25	-1	1213804800.0
65679	43488	-1	-1	880387200.0
65680	43488	-1	-1	880387200.0
64477	43633	-1	-1	1259164800.0
65681	43846	-1	-1	1301587200.0
65682	43876	250.0	-1	1095004800.0
65682	43876	250.0	-1	1095004800.0
65683	43891	-1	-1	991238400.0
65684	43914	2970.0	-1	1348848000.0
65685	43914	1650.0	-1	1348848000.0
65686	43972	-1	-1	1182960000.0
65687	44007	100.0	-1	966787200.0
65688	44080	-1	-1	882460800.0
65689	44080	-1	-1	882460800.0
65690	44124	-1	-1	1403107200.0
65690	44124	-1	-1	1403107200.0
65691	44142	-1	-1	1410710400.0
65692	44172	-1	-1	896889600.0
65693	44212	-1	-1	1344355200.0
65694	44230	-1	-1	1292256000.0
65695	44262	-1	-1	1027872000.0
65695	44262	-1	-1	1027872000.0
65696	44267	-1	-1	877276800.0
65697	44269	12.6655	-1	1077465600.0
65698	44271	-1	-1	770659200.0
65699	44271	-1	-1	770659200.0
65700	44271	-1	-1	770659200.0
65701	44271	-1	-1	770659200.0
64230	44271	-1	-1	770659200.0
64991	44361	-1	-1	1086105600.0
64990	44361	-1	-1	1086105600.0
49878	44373	35.0	859824000.0	1054483200.0
65702	44380	-1	-1	847468800.0
65703	44380	-1	-1	847468800.0
65704	44380	-1	-1	847468800.0
41744	44380	-1	740937600.0	847468800.0
65705	44380	-1	-1	847468800.0
65706	44380	-1	-1	847468800.0
65707	44380	-1	-1	847468800.0
65708	44380	-1	-1	847468800.0
65709	44380	-1	-1	847468800.0
65710	44422	-1	-1	567964800.0
65711	44422	-1	-1	567964800.0
65712	44422	-1	-1	567964800.0
64477	44422	-1	-1	567964800.0
65713	44422	-1	-1	567964800.0
65714	44422	-1	-1	567964800.0
65315	44422	-1	-1	567964800.0
65715	44422	-1	-1	567964800.0
65716	44560	-1	-1	1195401600.0
65716	44560	-1	-1	1195401600.0
65717	44560	-1	-1	1195401600.0
65717	44560	-1	-1	1195401600.0
65718	44654	-1	-1	1163347200.0
64800	44718	120.0	-1	1078243200.0
65719	44780	-1	-1	1262793600.0
65720	44808	-1	-1	1386259200.0
65721	44819	-1	-1	1006099200.0
65722	44819	-1	-1	1006099200.0
65723	44821	-1	-1	1370188800.0
65724	44821	-1	-1	1370188800.0
65725	44869	-1	-1	1298995200.0
65726	44869	-1	-1	1298995200.0
65727	44869	-1	-1	1298995200.0
65728	44869	-1	-1	1298995200.0
65729	44869	-1	-1	1298995200.0
65730	44869	-1	-1	1298995200.0
65731	44927	-1	-1	899222400.0
65732	44927	-1	-1	899222400.0
65733	45067	-1	-1	1272988800.0
65734	45067	-1	-1	1272988800.0
65735	45081	750.0	-1	726336000.0
65736	45081	250.0	-1	726336000.0
65737	45109	-1	-1	1042732800.0
65738	45109	-1	-1	1042732800.0
65739	45168	-1	-1	1411056000.0
65740	45168	-1	-1	1411056000.0
65741	45179	-1	-1	830534400.0
65742	45179	200.0	-1	830534400.0
64845	45182	60.0	-1	879436800.0
65743	45199	-1	-1	1280851200.0
65744	45431	89396.3957	-1	1187539200.0
65745	45443	-1	-1	1104076800.0
65746	45443	-1	-1	1104076800.0
65747	45488	1219.0	-1	1016726400.0
65748	45569	-1	-1	891187200.0
65749	45569	-1	-1	891187200.0
65750	45591	0.0	-1	1351612800.0
65751	45591	0.0	-1	1351612800.0
65752	45635	1000.0	-1	1070812800.0
65753	45661	5000.0	-1	1000915200.0
64447	45807	3758.0	-1	1065542400.0
65754	45821	2042.0	-1	1037289600.0
65755	45822	-1	-1	1080489600.0
65756	45903	110.0	-1	965318400.0
65756	45903	110.0	-1	965318400.0
65757	45974	-1	-1	1331568000.0
65758	45976	-1	-1	1030896000.0
65758	45976	-1	-1	1030896000.0
65759	45996	-1	-1	1275926400.0
65760	46011	-1	-1	922118400.0
65761	46011	-1	-1	922118400.0
63999	46011	-1	-1	922118400.0
64033	46011	-1	-1	922118400.0
65762	46011	-1	-1	922118400.0
65763	46011	-1	-1	922118400.0
65764	46011	-1	-1	922118400.0
65765	46011	-1	-1	922118400.0
65766	46140	-1	-1	1337529600.0
65767	46150	280.0	-1	913651200.0
65768	46150	1720.0	-1	913651200.0
64982	46188	-1	-1	1181145600.0
12066	46188	-1	1089734400.0	1181145600.0
65769	46257	435.0	-1	877881600.0
65770	46257	50.0	-1	877881600.0
65771	46300	174.0	-1	1225382400.0
65772	46306	-1	-1	1101657600.0
65773	46372	-1	-1	1369238400.0
65774	46513	50.0	-1	1042128000.0
65775	46534	-1	-1	666115200.0
65776	46616	500.0	-1	1046707200.0
65777	46621	138.0	-1	1046620800.0
65778	46668	-1	-1	971712000.0
65779	46684	28449.0	-1	1080144000.0
65780	46684	30000.0	-1	1080144000.0
65781	46684	91551.0	-1	1080144000.0
65782	46691	-1	-1	772560000.0
65783	46691	-1	-1	772560000.0
65784	46691	-1	-1	772560000.0
65785	46691	1032.0	-1	772560000.0
65786	46691	-1	-1	772560000.0
63895	46741	-1	-1	796838400.0
65787	46761	-1	-1	1197302400.0
65788	46850	-1	-1	874425600.0
65789	46850	-1	-1	874425600.0
65790	46874	102.0	-1	1060185600.0
65791	46898	-1	-1	898185600.0
65792	46898	-1	-1	898185600.0
65793	46898	-1	-1	898185600.0
65794	46899	-1	-1	893260800.0
65795	46899	-1	-1	893260800.0
65796	46899	-1	-1	893260800.0
65797	46899	-1	-1	893260800.0
64230	46899	-1	-1	893260800.0
65798	46899	-1	-1	893260800.0
65799	46899	-1	-1	893260800.0
65800	46899	-1	-1	893260800.0
65801	46932	-1	-1	1312473600.0
65802	46957	3706.0	-1	1054828800.0
65803	47056	42.0	-1	786729600.0
65804	47056	58.0	-1	786729600.0
57720	47181	-1	788371200.0	691257600.0
64488	47181	-1	-1	691257600.0
65805	47181	-1	-1	691257600.0
65806	47181	-1	-1	691257600.0
65807	47181	-1	-1	691257600.0
65808	47181	-1	-1	691257600.0
65799	47181	-1	-1	691257600.0
64485	47181	-1	-1	691257600.0
64059	47181	-1	-1	691257600.0
65096	47220	-1	-1	1283875200.0
65809	47224	1500.0	-1	1205683200.0
65810	47229	7000.0	-1	1242316800.0
65811	47229	3000.0	-1	1242316800.0
65812	47248	-1	-1	818352000.0
65813	47248	-1	-1	818352000.0
64233	47248	-1	-1	818352000.0
65814	47248	-1	-1	818352000.0
65805	47248	-1	-1	818352000.0
65815	47248	-1	-1	818352000.0
65816	47248	-1	-1	818352000.0
65817	47248	-1	-1	818352000.0
65818	47259	-1	-1	880992000.0
65819	47259	-1	-1	880992000.0
65820	47259	-1	-1	880992000.0
65821	47351	-1	-1	1053878400.0
65822	47351	90.0	-1	1053878400.0
65823	47378	-1	-1	961344000.0
65824	47378	-1	-1	961344000.0
65825	47378	-1	-1	961344000.0
65826	47389	2270.055	-1	1355673600.0
65827	47392	-1	-1	1332777600.0
65828	47398	420.0	-1	1225123200.0
65829	47455	-1	-1	1306857600.0
65830	47475	-1	-1	1387209600.0
65831	47531	30.0	-1	1053532800.0
65832	47571	-1	-1	961430400.0
65833	47668	-1	-1	1276790400.0
65834	47750	-1	-1	930672000.0
65835	47750	-1	-1	930672000.0
65836	47758	-1	-1	1252339200.0
65837	47810	3.0	-1	938361600.0
65838	47842	-1	-1	1024934400.0
65839	47842	-1	-1	1024934400.0
65840	47845	-1	-1	1165161600.0
65841	47892	-1	-1	986400000.0
65842	47892	-1	-1	986400000.0
65843	47892	-1	-1	986400000.0
64110	47900	-1	-1	1065542400.0
64110	47900	-1	-1	1065542400.0
65844	47908	300.0	-1	1356883200.0
65845	47935	100.0	-1	1359388800.0
65846	47946	-1	-1	1055347200.0
65805	47946	-1	-1	1055347200.0
64230	47946	-1	-1	1055347200.0
65847	47946	-1	-1	1055347200.0
64229	47946	-1	-1	1055347200.0
65848	47966	-1	-1	1403107200.0
65849	48032	-1	-1	736531200.0
65850	48032	-1	-1	736531200.0
64553	48086	-1	-1	1186070400.0
65851	48089	-1	-1	1260201600.0
65852	48089	-1	-1	1260201600.0
65853	48173	278.0	-1	1192550400.0
65854	48208	-1	-1	1400774400.0
65855	48215	4.0	-1	975427200.0
32253	48216	10.0	979833600.0	1196265600.0
32253	48216	10.0	979833600.0	1196265600.0
65856	48328	-1	-1	1415289600.0
8725	48349	1260.0	788544000.0	825955200.0
65857	48359	80.0	-1	1079366400.0
65858	48359	40.0	-1	1079366400.0
65859	48471	-1	-1	812044800.0
65860	48471	-1	-1	812044800.0
65861	48472	630.0	-1	1192550400.0
65862	48658	326.28	-1	860515200.0
65863	48675	-1	-1	589561200.0
65864	48675	-1	-1	589561200.0
64151	48675	-1	-1	589561200.0
65865	48731	5.5	-1	1078848000.0
65866	48778	-1	-1	810835200.0
65867	48808	8100.0	-1	1144252800.0
65868	48892	4785.0	-1	804960000.0
65869	48899	-1	-1	1146240000.0
65870	48978	-1	-1	1355846400.0
65871	48987	-1	-1	1419436800.0
65872	48987	-1	-1	1419436800.0
65873	49054	-1	-1	1418227200.0
63888	49224	-1	-1	878313600.0
65874	49236	75.0	-1	729360000.0
65875	49236	8.7954	-1	729360000.0
65876	49299	-1	-1	1394553600.0
63845	49319	-1	-1	733593600.0
65877	49433	-1	-1	926352000.0
65878	49512	-1	-1	975340800.0
65879	49512	-1	-1	975340800.0
65880	49546	140.0	-1	803232000.0
65880	49546	140.0	-1	803232000.0
65881	49546	100.0	-1	803232000.0
65881	49546	100.0	-1	803232000.0
65882	49567	-1	-1	772905600.0
65883	49567	-1	-1	772905600.0
65884	49567	-1	-1	772905600.0
65885	49567	-1	-1	772905600.0
65886	49567	-1	-1	772905600.0
65887	49567	-1	-1	772905600.0
65888	49567	-1	-1	772905600.0
65889	49567	-1	-1	772905600.0
65890	49567	-1	-1	772905600.0
65891	49572	-1	-1	942336000.0
65892	49591	90.0	-1	1249920000.0
65893	49627	-1	-1	867340800.0
65894	49627	-1	-1	867340800.0
65895	49628	-1	-1	1056470400.0
31513	49628	-1	929635200.0	1056470400.0
65896	49628	-1	-1	1056470400.0
65897	49878	35000.0	-1	859824000.0
65898	49878	15000.0	-1	859824000.0
65899	49906	-1	-1	851356800.0
65900	49906	4900.0	-1	851356800.0
65901	49963	-1	-1	1398355200.0
65902	50048	-1	-1	1151510400.0
65903	50085	-1	-1	843667200.0
65904	50150	-1	-1	1121011200.0
63860	50150	-1	-1	1121011200.0
65905	50150	-1	-1	1121011200.0
65906	50155	-1	-1	1411833600.0
65907	50163	40.0	-1	1052323200.0
65908	50163	-1	-1	1052323200.0
65909	50163	60.0	-1	1052323200.0
65910	50224	-1	-1	788371200.0
65911	50276	-1	-1	1382457600.0
65912	50347	-1	-1	990720000.0
65913	50355	-1	-1	1301500800.0
65914	50355	-1	-1	1301500800.0
65915	50419	-1	-1	1275235200.0
65916	50419	-1	-1	1275235200.0
65917	50447	600.0	-1	983462400.0
65918	50447	3861.5049	-1	983462400.0
65919	50447	800.0	-1	983462400.0
65920	50447	400.0	-1	983462400.0
65921	50506	-1	-1	1177689600.0
65922	50522	4.5	-1	793987200.0
65923	50555	200.0	-1	1392912000.0
65924	50636	-1	-1	1248796800.0
65925	50673	-1	-1	974304000.0
65926	50755	-1	-1	1355241600.0
65927	50883	1500.0	-1	1289750400.0
65928	50911	-1	-1	1035216000.0
65929	50911	-1	-1	1035216000.0
65930	50913	-1	-1	1377532800.0
65931	50939	-1	-1	896112000.0
65932	50971	2100.0	-1	1104422400.0
65933	50971	1400.0	-1	1104422400.0
24231	50989	-1	1301241600.0	1372608000.0
65934	50990	0.0	-1	1382976000.0
65935	51102	-1	-1	1126022400.0
64625	51108	-1	-1	945792000.0
64625	51108	-1	-1	945792000.0
65936	51139	-1	-1	996508800.0
65937	51190	-1	-1	1398096000.0
65938	51190	-1	-1	1398096000.0
65939	51207	-1	-1	1050508800.0
65940	51327	-1	-1	1408032000.0
65941	51334	-1	-1	866995200.0
65942	51334	-1	-1	866995200.0
65943	51334	-1	-1	866995200.0
65944	51334	-1	-1	866995200.0
65945	51350	5000.0	-1	1078675200.0
65945	51350	5000.0	-1	1078675200.0
65946	51380	-1	-1	945014400.0
65947	51380	-1	-1	945014400.0
65948	51380	-1	-1	945014400.0
65946	51380	-1	-1	945014400.0
65949	51380	-1	-1	945014400.0
65947	51380	-1	-1	945014400.0
65948	51380	-1	-1	945014400.0
65949	51380	-1	-1	945014400.0
65950	51405	-1	-1	1304956800.0
65951	51405	-1	-1	1304956800.0
65952	51513	-1	-1	1197216000.0
65953	51513	-1	-1	1197216000.0
65954	51533	-1	-1	1311696000.0
65955	51545	7.5	-1	1283184000.0
65956	51567	-1	-1	966873600.0
65957	51567	145.6	-1	966873600.0
65958	51581	50.0	-1	1278345600.0
65959	51586	47.5	-1	1373904000.0
65960	51608	75.0	-1	1030377600.0
65961	51608	25.0	-1	1030377600.0
65962	51685	-1	-1	945878400.0
65963	51685	-1	-1	945878400.0
65964	51728	15.0	-1	958060800.0
65965	51734	20.0	-1	889113600.0
65966	51763	-1	-1	1091116800.0
65967	51767	-1	-1	1045756800.0
65968	51839	3788.0	-1	1003420800.0
65969	51839	1372.0	-1	1003420800.0
65970	51858	-1	-1	1004025600.0
65971	51926	600.0	-1	1258300800.0
65972	51994	-1	-1	913564800.0
10202	51994	-1	852393600.0	913564800.0
64844	52072	-1	-1	1208448000.0
65973	52082	-1	-1	722448000.0
65974	52082	-1	-1	722448000.0
64230	52082	-1	-1	722448000.0
65975	52082	-1	-1	722448000.0
65976	52082	-1	-1	722448000.0
64552	52082	-1	-1	722448000.0
64058	52082	-1	-1	722448000.0
65977	52082	-1	-1	722448000.0
65978	52117	-1	-1	1400428800.0
65979	52135	110.0	-1	1147881600.0
65980	52200	5000.0	-1	1293033600.0
65981	52210	-1	-1	1006704000.0
65982	52214	10000.0	-1	1117468800.0
65983	52238	-1	-1	849542400.0
65984	52336	50.0	-1	1240502400.0
65984	52336	50.0	-1	1240502400.0
65985	52336	260.0	-1	1240502400.0
65985	52336	260.0	-1	1240502400.0
65986	52430	-1	-1	1328198400.0
65987	52565	-1	-1	1318262400.0
1457	52617	-1	941126400.0	739382400.0
65988	52638	-1	-1	1380124800.0
65989	52638	-1	-1	1380124800.0
65990	52651	-1	-1	1013443200.0
65991	52694	-1	-1	1303920000.0
65992	52694	-1	-1	1303920000.0
65363	52750	-1	-1	1403020800.0
65993	52826	-1	-1	1117468800.0
65994	52846	-1	-1	1194192000.0
65995	52856	-1	-1	618418800.0
65996	52867	-1	-1	788630400.0
50447	52867	-1	983462400.0	788630400.0
65997	52891	-1	-1	1041955200.0
63837	52896	-1	-1	1041436800.0
63838	52896	-1	-1	1041436800.0
65998	52899	-1	-1	1383148800.0
65998	52899	-1	-1	1383148800.0
65999	52915	-1	-1	1326384000.0
65999	52915	-1	-1	1326384000.0
66000	53111	800.0	-1	1196006400.0
66001	53138	60.0	-1	1206460800.0
66002	53138	60.0	-1	1206460800.0
66003	53199	180.0	-1	766080000.0
66004	53199	90.0	-1	766080000.0
66005	53199	30.0	-1	766080000.0
66006	53245	-1	-1	721497600.0
66007	53245	50.0	-1	721497600.0
66008	53311	3281.0	-1	1238342400.0
66009	53312	25.0	-1	933609600.0
66010	53329	-1	-1	1276790400.0
66011	53450	-1	-1	959702400.0
66012	53450	-1	-1	959702400.0
66013	53451	-1	-1	1122566400.0
66014	53451	-1	-1	1122566400.0
66015	53517	-1	-1	990115200.0
66016	53524	-1	-1	1347465600.0
66017	53525	-1	-1	1169481600.0
14020	53525	-1	1357228800.0	1169481600.0
66018	53551	-1	-1	1077033600.0
66019	53618	-1	-1	1015948800.0
8662	53648	-1	931276800.0	1297353600.0
66020	53670	-1	-1	853430400.0
66021	53683	-1	-1	984672000.0
66022	53758	13408.6388	-1	1122307200.0
66023	53763	-1	-1	1262620800.0
66024	53763	-1	-1	1262620800.0
66025	53763	-1	-1	1262620800.0
66026	53801	-1	-1	916329600.0
66027	53801	300.0	-1	916329600.0
66028	53915	-1	-1	951494400.0
66029	53950	5939.4	-1	1024848000.0
66030	53974	24.0	-1	1165766400.0
66031	53995	70.0	-1	1064764800.0
66032	54004	-1	-1	1216224000.0
66033	54006	1000.0	-1	1289923200.0
66034	54046	10500.0	-1	1149782400.0
66035	54046	19500.0	-1	1149782400.0
66036	54069	-1	-1	1283788800.0
66037	54089	-1	-1	1154966400.0
66038	54089	3000.0	-1	1154966400.0
66039	54096	5.0	-1	884016000.0
66040	54111	40.0	-1	1181145600.0
66041	54111	40.0	-1	1181145600.0
66042	54201	1222.53	-1	798220800.0
66043	54201	307.97	-1	798220800.0
66044	54201	164.5	-1	798220800.0
66045	54237	-1	-1	943286400.0
66046	54237	-1	-1	943286400.0
66047	54237	-1	-1	943286400.0
65795	54237	-1	-1	943286400.0
66048	54237	-1	-1	943286400.0
65105	54237	-1	-1	943286400.0
66049	54247	-1	-1	1169136000.0
63933	54257	-1	-1	840643200.0
64382	54257	-1	-1	840643200.0
66050	54268	-1	-1	529171200.0
66051	54278	357.0	-1	1245081600.0
66052	54304	44.52	-1	904665600.0
66053	54316	-1	-1	1236182400.0
66054	54322	-1	-1	961516800.0
66055	54322	-1	-1	961516800.0
66056	54371	1100.0	-1	1059408000.0
66057	54371	1100.0	-1	1059408000.0
66058	54389	-1	-1	1418140800.0
66059	54496	-1	-1	1281628800.0
66060	54629	-1	-1	918748800.0
66061	54669	9000.0	-1	1122307200.0
66062	54732	-1	-1	891360000.0
63885	54733	-1	-1	736531200.0
66063	54822	-1	-1	1011456000.0
66064	54822	-1	-1	1011456000.0
66065	54838	500.0	-1	1035993600.0
66066	54844	-1	-1	1382371200.0
66067	54897	-1	-1	803664000.0
66068	54897	-1	-1	803664000.0
65481	55028	-1	-1	1122393600.0
66069	55028	-1	-1	1122393600.0
16012	55223	10.0	1167321600.0	1364140800.0
66070	55258	500.0	-1	1194883200.0
66071	55264	-1	-1	683391600.0
45903	55278	-1	965318400.0	1210521600.0
66072	55278	704.0	-1	1210521600.0
65810	55323	500.0	-1	1193760000.0
66073	55441	-1	-1	1064246400.0
66074	55441	-1	-1	1064246400.0
66075	55444	430.0	-1	777657600.0
66076	55444	430.0	-1	777657600.0
66077	55468	-1	-1	1289145600.0
66078	55534	-1	-1	1364486400.0
66079	55556	-1	-1	1136736000.0
66080	55556	-1	-1	1136736000.0
66081	55581	-1	-1	580748400.0
66082	55606	-1	-1	1401120000.0
66083	55663	-1	-1	1385481600.0
66084	55668	10.0	-1	1268064000.0
66084	55668	10.0	-1	1268064000.0
66085	55697	-1	-1	1149782400.0
66086	55697	-1	-1	1149782400.0
66087	55697	-1	-1	1149782400.0
66088	55697	-1	-1	1149782400.0
66089	55697	-1	-1	1149782400.0
66090	55697	-1	-1	1149782400.0
66091	55697	-1	-1	1149782400.0
66092	55795	-1	-1	1052150400.0
66093	55908	-1	-1	1323792000.0
19268	55975	-1	1244131200.0	1411401600.0
19268	55975	-1	1244131200.0	1411401600.0
66094	56025	-1	-1	1021564800.0
65615	56025	-1	-1	1021564800.0
31987	56029	1000.0	1079884800.0	1271692800.0
66095	56075	-1	-1	1245859200.0
66096	56075	-1	-1	1245859200.0
66097	56124	-1	-1	1170345600.0
66098	56124	-1	-1	1170345600.0
66099	56155	-1	-1	1282579200.0
66100	56155	-1	-1	1282579200.0
66101	56166	2400.0	-1	1292947200.0
66102	56166	600.0	-1	1292947200.0
66103	56195	-1	-1	1274889600.0
66104	56237	350.0	-1	1187625600.0
66105	56311	-1	-1	1067443200.0
66106	56314	502.0	-1	1037635200.0
66107	56314	330.0	-1	1037635200.0
65339	56322	1000.0	-1	1152633600.0
66108	56322	1000.0	-1	1152633600.0
65380	56517	100.0	-1	1311091200.0
66109	56523	-1	-1	849456000.0
66110	56523	54.0	-1	849456000.0
66111	56531	-1	-1	881683200.0
66112	56531	-1	-1	881683200.0
56559	56559	-1	795888000.0	795888000.0
66113	56560	-1	-1	932486400.0
66114	56569	-1	-1	992880000.0
66115	56572	-1	-1	1166457600.0
66116	56585	-1	-1	896716800.0
66117	56587	-1	-1	810489600.0
66118	56587	-1	-1	810489600.0
66119	56587	-1	-1	810489600.0
64382	56712	3337.0	-1	934905600.0
66120	56832	3500.0	-1	1135872000.0
66121	56897	-1	-1	877622400.0
65873	56945	-1	-1	1160582400.0
66122	57079	-1	-1	766944000.0
63975	57093	-1	-1	1166457600.0
66123	57106	52.5	-1	657734400.0
66124	57106	157.5	-1	657734400.0
66125	57107	-1	-1	1059580800.0
66126	57153	133.864	-1	691171200.0
66127	57153	100.398	-1	691171200.0
4043	57153	100.398	1070294400.0	691171200.0
66128	57184	-1	-1	1268755200.0
66129	57187	100.0	-1	908380800.0
66130	57215	1532.6	-1	984931200.0
66131	57216	-1	-1	1088352000.0
64185	57244	-1	-1	1022601600.0
66132	57248	-1	-1	470678400.0
63902	57299	4670.0	-1	1334764800.0
66133	57299	1912.0	-1	1334764800.0
64172	57435	-1	-1	1219334400.0
66134	57442	-1	-1	1059580800.0
66135	57445	16.0	-1	1191081600.0
66136	57467	247.0	-1	973785600.0
66137	57495	-1	-1	1379001600.0
66138	57529	-1	-1	1298304000.0
66139	57608	7700.0	-1	1329840000.0
66140	57608	300.0	-1	1329840000.0
66141	57608	2100.0	-1	1329840000.0
66142	57700	-1	-1	1066579200.0
66143	57704	14400.0	-1	1073318400.0
66143	57704	14400.0	-1	1073318400.0
66144	57704	1600.0	-1	1073318400.0
66144	57704	1600.0	-1	1073318400.0
66145	57720	-1	-1	788371200.0
66146	57906	-1	-1	961430400.0
65812	57945	-1	-1	1153152000.0
66147	57960	-1	-1	1432569600.0
65428	57960	-1	-1	1432569600.0
66148	57960	-1	-1	1432569600.0
65429	57960	-1	-1	1432569600.0
66149	57967	50.0	-1	1376409600.0
66150	58039	-1	-1	794678400.0
66151	58058	-1	-1	999532800.0
66152	58058	147.0	-1	999532800.0
66153	58060	14207.7	-1	991324800.0
66154	58112	-1	-1	1211299200.0
66155	58137	-1	-1	1053446400.0
63976	58137	-1	-1	1053446400.0
66156	58196	50.0	-1	1268064000.0
63834	58211	700.0	-1	998323200.0
66157	58217	-1	-1	873820800.0
66158	58258	-1	-1	1120752000.0
64579	58301	500.0	-1	1198425600.0
66159	58301	4200.0	-1	1198425600.0
66160	58301	1400.0	-1	1198425600.0
66161	58304	-1	-1	1055260800.0
66162	58402	-1	-1	1363622400.0
66162	58402	-1	-1	1363622400.0
66163	58402	-1	-1	1363622400.0
66163	58402	-1	-1	1363622400.0
66164	58428	-1	-1	896112000.0
66165	58428	-1	-1	896112000.0
66166	58445	-1	-1	1395676800.0
66167	58503	-1	-1	835113600.0
66168	58503	50.0	-1	835113600.0
66169	58558	-1	-1	1267977600.0
66170	58577	-1	-1	1225814400.0
66171	58634	69.0	-1	961516800.0
66172	58640	-1	-1	1064764800.0
65102	58745	400.0	-1	1181145600.0
66173	58746	-1	-1	984412800.0
64606	58748	-1	-1	883584000.0
66174	58783	-1	-1	799430400.0
64051	58783	-1	-1	799430400.0
66175	58884	10.0	-1	966268800.0
66176	58898	-1	-1	781372800.0
66177	58898	350.0	-1	781372800.0
66178	58898	-1	-1	781372800.0
63860	58953	20040.0	-1	1204819200.0
66179	58954	2600.0	-1	825523200.0
66180	59032	-1	-1	843667200.0
66181	59032	-1	-1	843667200.0
66182	59032	-1	-1	843667200.0
65211	59054	1200.0	-1	910281600.0
65211	59054	1200.0	-1	910281600.0
66183	59054	400.0	-1	910281600.0
66183	59054	400.0	-1	910281600.0
66184	59138	-1	-1	1054051200.0
66185	59230	180.0	-1	1007913600.0
66186	59230	40.0	-1	1007913600.0
49878	59315	-1	859824000.0	1136736000.0
66187	59427	-1	-1	954345600.0
66188	59458	110.0	-1	1351612800.0
66189	59495	-1	-1	962035200.0
66190	59495	-1	-1	962035200.0
66191	59495	-1	-1	962035200.0
64090	59499	-1	-1	1010505600.0
66192	59514	-1	-1	1209052800.0
66193	59514	-1	-1	1209052800.0
66194	59514	-1	-1	1209052800.0
66195	59514	-1	-1	1209052800.0
66196	59514	-1	-1	1209052800.0
66197	59514	-1	-1	1209052800.0
66198	59514	-1	-1	1209052800.0
66199	59514	-1	-1	1209052800.0
66200	59514	-1	-1	1209052800.0
66201	59514	-1	-1	1209052800.0
66202	59514	-1	-1	1209052800.0
66203	59514	-1	-1	1209052800.0
66204	59514	-1	-1	1209052800.0
66205	59514	-1	-1	1209052800.0
66206	59514	-1	-1	1209052800.0
66207	59514	-1	-1	1209052800.0
66208	59514	-1	-1	1209052800.0
66209	59514	-1	-1	1209052800.0
66210	59527	1495.0	-1	1177689600.0
66211	59527	805.0	-1	1177689600.0
66212	59548	-1	-1	1095782400.0
66213	59623	300.0	-1	937497600.0
66214	59623	900.0	-1	937497600.0
66215	59651	19.6	-1	797184000.0
66216	59651	20.4	-1	797184000.0
66217	59742	1800.0	-1	1018368000.0
66218	59786	-1	-1	1240848000.0
66219	59847	-1	-1	1384704000.0
66220	59847	-1	-1	1384704000.0
66221	59847	-1	-1	1384704000.0
66222	59878	16.0	-1	1365350400.0
66223	59887	-1	-1	801849600.0
66224	59887	-1	-1	801849600.0
66225	59887	-1	-1	801849600.0
64182	59888	6600.0	-1	1290355200.0
66226	59888	5400.0	-1	1290355200.0
66227	59897	-1	-1	1243785600.0
66227	59897	-1	-1	1243785600.0
66228	59908	-1	-1	903369600.0
66229	59946	32.0	-1	1042560000.0
66230	60040	515.0	-1	879868800.0
66231	60106	20.0	-1	1390147200.0
66232	60205	120.0	-1	727372800.0
66233	60205	80.0	-1	727372800.0
66234	60237	-1	-1	1062950400.0
63975	60328	-1	-1	771868800.0
64149	60328	-1	-1	771868800.0
64033	60328	-1	-1	771868800.0
66235	60328	-1	-1	771868800.0
65424	60328	-1	-1	771868800.0
64146	60328	-1	-1	771868800.0
66236	60328	-1	-1	771868800.0
66237	60328	-1	-1	771868800.0
65763	60328	-1	-1	771868800.0
65715	60328	-1	-1	771868800.0
66238	60356	-1	-1	1408982400.0
66239	60532	-1	-1	1011801600.0
66240	60532	200.0	-1	1011801600.0
66241	60622	-1	-1	875462400.0
66242	60622	-1	-1	875462400.0
66243	60622	-1	-1	875462400.0
66244	60644	-1	-1	780336000.0
66245	60644	-1	-1	780336000.0
66246	60644	-1	-1	780336000.0
66247	60653	-1	-1	1415894400.0
66248	60653	-1	-1	1415894400.0
66249	60653	-1	-1	1415894400.0
66250	60653	-1	-1	1415894400.0
64570	60705	843.0	-1	964368000.0
66251	60798	62.0	-1	952444800.0
66252	60801	-1	-1	1196265600.0
66253	60853	-1	-1	1395331200.0
65047	60923	1330.0	-1	1014220800.0
66254	61061	300.0	-1	1278518400.0
64641	61061	200.0	-1	1278518400.0
66255	61098	-1	-1	1380038400.0
66256	61098	-1	-1	1380038400.0
66257	61098	-1	-1	1380038400.0
66258	61108	51.0	-1	1363276800.0
66259	61167	-1	-1	1091030400.0
66260	61167	-1	-1	1091030400.0
66261	61167	-1	-1	1091030400.0
66262	61167	-1	-1	1091030400.0
66263	61167	-1	-1	1091030400.0
66264	61167	-1	-1	1091030400.0
66265	61176	190.0	-1	1036944000.0
66266	61176	10.0	-1	1036944000.0
66267	61199	2502.0	-1	648226800.0
66268	61201	40.0	-1	1370534400.0
66269	61212	-1	-1	1004457600.0
66270	61364	344.8855	-1	853344000.0
66271	61370	-1	-1	1128009600.0
66272	61457	-1	-1	1224691200.0
66273	61457	-1	-1	1224691200.0
66274	61486	-1	-1	983116800.0
63860	61586	1050.0	-1	1243267200.0
63860	61586	1050.0	-1	1243267200.0
48808	61609	5000.0	1144252800.0	1158076800.0
48808	61609	5000.0	1144252800.0	1158076800.0
66275	61620	57.81	-1	603043200.0
66276	61620	21.18	-1	603043200.0
66277	61655	-1	-1	1280160000.0
66278	61690	-1	-1	975859200.0
66279	61690	-1	-1	975859200.0
66280	61863	-1	-1	1398787200.0
66281	61876	801.6	-1	795196800.0
66282	61997	744.748	-1	1021996800.0
66283	62048	-1	-1	1347811200.0
66284	62070	-1	-1	1077552000.0
66285	62070	-1	-1	1077552000.0
65403	62084	40.0	-1	1004371200.0
66286	62145	-1	-1	877449600.0
66287	62168	24.0	-1	918576000.0
66288	62186	-1	-1	1014912000.0
66289	62200	-1	-1	941990400.0
66290	62200	-1	-1	941990400.0
66291	62221	-1	-1	1041177600.0
66292	62221	-1	-1	1041177600.0
66293	62226	-1	-1	1348761600.0
66294	62244	-1	-1	758908800.0
65275	62244	-1	-1	758908800.0
64509	62244	-1	-1	758908800.0
66295	62244	-1	-1	758908800.0
65276	62244	-1	-1	758908800.0
65270	62244	-1	-1	758908800.0
65278	62244	-1	-1	758908800.0
66296	62467	180.0	-1	1121616000.0
66297	62467	20.0	-1	1121616000.0
66298	62540	-1	-1	1387814400.0
66299	62540	-1	-1	1387814400.0
66300	62577	-1	-1	1393171200.0
66301	62582	-1	-1	1123603200.0
63902	62615	-1	-1	1355241600.0
66302	62615	-1	-1	1355241600.0
66303	62642	-1	-1	1053014400.0
66304	62701	-1	-1	906566400.0
66305	62701	-1	-1	906566400.0
66306	62710	-1	-1	945273600.0
66307	62723	-1	-1	1165507200.0
66308	62732	581.53	-1	1029168000.0
66309	62781	-1	-1	622483200.0
66310	62781	-1	-1	622483200.0
66311	62781	-1	-1	622483200.0
64589	62817	0.0	-1	1235318400.0
66312	62869	-1	-1	1298822400.0
66313	62923	-1	-1	1350403200.0
66314	62928	-1	-1	1197475200.0
66315	62954	10000.0	-1	1092240000.0
66316	62996	500.0	-1	1061740800.0
66317	63057	-1	-1	1216310400.0
66318	63079	-1	-1	1261324800.0
66319	63093	-1	-1	1286553600.0
66320	63113	-1	-1	857491200.0
66321	63113	-1	-1	857491200.0
66322	63229	-1	-1	1005148800.0
66323	63229	-1	-1	1005148800.0
66324	63250	-1	-1	1031760000.0
66325	63278	-1	-1	1411315200.0
4965	63302	-1	1039536000.0	1140537600.0
64017	63302	-1	-1	1140537600.0
66326	63323	360.0	-1	1314547200.0
66327	63323	1080.0	-1	1314547200.0
66328	63421	-1	-1	1055433600.0
66329	63423	-1	-1	1210262400.0
66330	63485	-1	-1	1288540800.0
66331	63489	-1	-1	1190908800.0
66332	63489	-1	-1	1190908800.0
65023	63504	-1	-1	1397577600.0
66333	63669	-1	-1	1004976000.0
66334	63706	-1	-1	747590400.0
66335	63727	-1	-1	1194537600.0
65229	63802	-1	-1	1009555200.0
